 
   1   2 172.136
   1   2
  1  1    .433    .689 197.602 176.935   1.273
  1  2    .509    .670 194.510 175.806    .878
  1  3    .605    .570 192.125 175.157    .663
  1  4    .694    .452 189.895 174.297    .590
  1  5    .780    .320 187.760 173.174    .674
  1  6    .833    .247 185.564 171.836    .603
  1  7    .877    .189 183.337 170.202    .606
  1  8    .920    .121 181.456 168.741    .573
  1  9    .939    .108 179.289 166.952    .471
  1 10    .965    .060 177.471 165.282    .525
  1 11    .978    .038 175.717 163.703    .409
  1 12    .995   -.003 174.193 162.261    .342
  1 13   1.002   -.014 173.074 161.157    .293
  1 14   1.007   -.023 172.499 160.619    .202
  1 15   1.005   -.016 172.151 160.246    .116
  1 16    .996    .010 172.121 160.182    .118
  1 17    .996    .000 172.391 160.461    .236
  1 18    .994    .001 173.227 161.321    .252
  1 19    .987    .016 174.457 162.579    .311
  1 20    .975    .037 175.792 163.943    .328
  1 21    .964    .051 177.563 165.787    .362
  1 22    .945    .080 179.393 167.660    .344
  1 23    .921    .113 181.459 169.632    .345
  1 24    .890    .154 183.461 171.632    .389
  1 25    .842    .229 185.503 173.402    .426
  1 26    .795    .281 187.664 175.151    .585
  1 27    .737    .338 189.760 176.633    .720
  1 28    .655    .438 191.985 177.930    .848
  1 29    .574    .501 194.516 179.238   1.108
  1 30    .450    .645 197.511 180.556   1.319
 
   2   2 160.214
   1   2
  2  1   -.237   1.067 197.602 176.935    .905
  2  2   -.225   1.152 194.510 175.806    .663
  2  3   -.191   1.164 192.125 175.157    .536
  2  4   -.153   1.142 189.895 174.297    .474
  2  5   -.112   1.097 187.760 173.174    .545
  2  6   -.088   1.080 185.564 171.836    .489
  2  7   -.072   1.079 183.337 170.202    .489
  2  8   -.050   1.056 181.456 168.741    .441
  2  9   -.045   1.070 179.289 166.952    .337
  2 10   -.026   1.038 177.471 165.282    .384
  2 11   -.017   1.027 175.717 163.703    .297
  2 12   -.004    .996 174.193 162.261    .277
  2 13   -.001    .994 173.074 161.157    .234
  2 14    .004    .982 172.499 160.619    .160
  2 15    .005    .982 172.151 160.246    .109
  2 16   -.004   1.011 172.121 160.182    .111
  2 17    .000    .988 172.391 160.461    .207
  2 18    .000    .986 173.227 161.321    .201
  2 19   -.004    .988 174.457 162.579    .253
  2 20   -.012   1.002 175.792 163.943    .259
  2 21   -.016    .996 177.563 165.787    .295
  2 22   -.025   1.002 179.393 167.660    .286
  2 23   -.035   1.006 181.459 169.632    .345
  2 24   -.048   1.014 183.461 171.632    .387
  2 25   -.074   1.045 185.503 173.402    .425
  2 26   -.091   1.043 187.664 175.151    .550
  2 27   -.114   1.042 189.760 176.633    .644
  2 28   -.152   1.068 191.985 177.930    .698
  2 29   -.173   1.028 194.516 179.238    .866
  2 30   -.214   1.029 197.511 180.556    .947
 
   3   2 224.419
   3   5
  3  1   1.127  -0.686 245.935 240.229   0.738
  3  2   1.142  -0.577 243.707 242.554   0.585
  3  3   1.127  -0.461 241.555 244.474   0.502
  3  4   1.118  -0.373 239.547 246.080   0.448
  3  5   1.089  -0.278 237.730 247.504   0.408
  3  6   1.073  -0.213 236.066 248.722   0.372
  3  7   1.052  -0.155 234.285 249.656   0.353
  3  8   1.035  -0.112 232.479 250.383   0.342
  3  9   1.021  -0.079 230.648 250.958   0.313
  3 10   0.998  -0.041 229.063 251.433   0.278
  3 11   0.994  -0.022 227.595 251.825   0.245
  3 12   0.992  -0.009 226.341 252.133   0.187
  3 13   1.000  -0.009 225.403 252.342   0.144
  3 14   1.007  -0.009 224.804 252.490   0.097
  3 15   1.003  -0.002 224.428 252.578   0.053
  3 16   0.996   0.003 224.409 252.590   0.052
  3 17   1.001  -0.002 224.785 252.509   0.115
  3 18   1.012  -0.016 225.326 252.384   0.164
  3 19   1.007  -0.019 226.175 252.161   0.207
  3 20   1.010  -0.034 227.384 251.860   0.227
  3 21   1.012  -0.049 228.775 251.482   0.275
  3 22   1.035  -0.090 230.191 251.021   0.284
  3 23   1.051  -0.127 231.844 250.448   0.303
  3 24   1.066  -0.166 233.675 249.731   0.310
  3 25   1.084  -0.221 235.275 248.826   0.336
  3 26   1.088  -0.272 236.911 247.606   0.406
  3 27   1.069  -0.305 238.406 246.116   0.466
  3 28   1.067  -0.371 240.172 244.472   0.528
  3 29   1.072  -0.450 242.044 242.483   0.601
  3 30   1.067  -0.537 244.151 240.056   0.743
 
   4   2 254.960
   3   5
  4  1   0.664   0.429 245.935 240.229   0.896
  4  2   0.573   0.580 243.707 242.554   0.835
  4  3   0.484   0.703 241.555 244.474   0.776
  4  4   0.424   0.777 239.547 246.080   0.697
  4  5   0.374   0.831 237.730 247.504   0.617
  4  6   0.338   0.866 236.066 248.722   0.565
  4  7   0.312   0.888 234.285 249.656   0.513
  4  8   0.293   0.901 232.479 250.383   0.461
  4  9   0.279   0.911 230.648 250.958   0.421
  4 10   0.264   0.921 229.063 251.433   0.401
  4 11   0.257   0.925 227.595 251.825   0.386
  4 12   0.247   0.931 226.341 252.133   0.391
  4 13   0.243   0.933 225.403 252.342   0.380
  4 14   0.239   0.935 224.804 252.490   0.387
  4 15   0.236   0.938 224.428 252.578   0.397
  4 16   0.236   0.937 224.409 252.590   0.401
  4 17   0.237   0.937 224.785 252.509   0.405
  4 18   0.240   0.936 225.326 252.384   0.414
  4 19   0.247   0.931 226.175 252.161   0.410
  4 20   0.250   0.929 227.384 251.860   0.428
  4 21   0.261   0.922 228.775 251.482   0.438
  4 22   0.275   0.911 230.191 251.021   0.462
  4 23   0.294   0.897 231.844 250.448   0.487
  4 24   0.313   0.883 233.675 249.731   0.532
  4 25   0.340   0.859 235.275 248.826   0.567
  4 26   0.368   0.833 236.911 247.606   0.613
  4 27   0.405   0.797 238.406 246.116   0.647
  4 28   0.457   0.735 240.172 244.472   0.715
  4 29   0.527   0.645 242.044 242.483   0.793
  4 30   0.628   0.498 244.151 240.056   0.887
 
   5   2 252.584
   5   6
  5  1   1.475  -0.455 240.229 225.614   0.194
  5  2   1.394  -0.393 242.554 227.705   0.174
  5  3   1.326  -0.327 244.474 229.458   0.147
  5  4   1.265  -0.263 246.080 230.918   0.122
  5  5   1.208  -0.204 247.504 232.235   0.102
  5  6   1.163  -0.159 248.722 233.429   0.089
  5  7   1.123  -0.118 249.656 234.435   0.074
  5  8   1.088  -0.080 250.383 235.278   0.064
  5  9   1.059  -0.050 250.958 235.997   0.058
  5 10   1.039  -0.032 251.433 236.597   0.049
  5 11   1.024  -0.018 251.825 237.096   0.040
  5 12   1.013  -0.010 252.133 237.485   0.034
  5 13   1.001   0.003 252.342 237.794   0.033
  5 14   0.997   0.005 252.490 238.004   0.026
  5 15   0.999   0.002 252.578 238.061   0.011
  5 16   1.001  -0.002 252.590 238.054   0.011
  5 17   1.003  -0.003 252.509 237.981   0.020
  5 18   1.006  -0.005 252.384 237.730   0.041
  5 19   1.014  -0.013 252.161 237.416   0.045
  5 20   1.025  -0.023 251.860 237.026   0.064
  5 21   1.042  -0.040 251.482 236.545   0.070
  5 22   1.063  -0.062 251.021 235.863   0.069
  5 23   1.090  -0.089 250.448 235.108   0.076
  5 24   1.125  -0.127 249.731 234.288   0.075
  5 25   1.159  -0.161 248.826 233.173   0.086
  5 26   1.199  -0.199 247.606 231.906   0.103
  5 27   1.247  -0.246 246.116 230.356   0.122
  5 28   1.306  -0.308 244.472 228.778   0.148
  5 29   1.370  -0.376 242.483 226.899   0.153
  5 30   1.444  -0.456 240.056 224.738   0.195
 
   6   3 239.293
   5   6   7
  6  1    .741    .308   -.051 241.586 226.339 217.768    .100
  6  2    .500    .666   -.163 244.038 228.514 219.193    .090
  6  3    .338    .878   -.211 246.070 230.335 220.457    .084
  6  4    .224   1.005   -.222 247.819 231.860 221.573    .079
  6  5    .151   1.065   -.212 249.376 233.229 222.580    .072
  6  6    .113   1.068   -.179 250.728 234.472 223.534    .064
  6  7    .076   1.080   -.155 251.783 235.519 224.349    .061
  6  8    .063   1.052   -.115 252.620 236.380 225.068    .059
  6  9    .046   1.042   -.090 253.308 237.144 225.643    .046
  6 10    .034   1.029   -.066 253.874 237.775 226.151    .042
  6 11    .024   1.018   -.044 254.341 238.286 226.574    .036
  6 12    .012   1.015   -.029 254.713 238.699 226.936    .031
  6 13    .005   1.010   -.015 254.969 239.017 227.177    .021
  6 14    .002   1.003   -.006 255.140 239.234 227.362    .017
  6 15    .001    .998    .000 255.240 239.298 227.423    .011
  6 16   -.001   1.002    .000 255.258 239.289 227.411    .011
  6 17   -.003   1.013   -.006 255.167 239.206 227.313    .021
  6 18   -.002   1.020   -.015 255.015 238.961 227.117    .029
  6 19   -.004   1.043   -.033 254.755 238.633 226.833    .038
  6 20    .000   1.057   -.052 254.398 238.248 226.492    .042
  6 21    .010   1.070   -.071 253.958 237.733 226.054    .039
  6 22    .020   1.087   -.099 253.405 237.021 225.503    .039
  6 23    .035   1.105   -.130 252.734 236.240 224.866    .042
  6 24    .062   1.105   -.158 251.899 235.383 224.155    .052
  6 25    .100   1.093   -.186 250.880 234.228 223.277    .057
  6 26    .147   1.070   -.213 249.535 232.915 222.224    .063
  6 27    .232    .982   -.210 247.912 231.322 221.032    .068
  6 28    .335    .871   -.204 246.125 229.681 219.779    .080
  6 29    .485    .676   -.164 244.012 227.748 218.428    .089
  6 30    .627    .516   -.151 241.461 225.476 216.883    .085
 
   7   3 227.417
   6   7   8
  7  1   1.104   -.253    .151 226.339 217.768 212.838    .075
  7  2    .857    .101    .048 228.514 219.193 213.443    .065
  7  3    .668    .344   -.008 230.335 220.457 214.098    .061
  7  4    .526    .510   -.032 231.860 221.573 214.760    .056
  7  5    .362    .730   -.092 233.229 222.580 215.478    .053
  7  6    .264    .836   -.101 234.472 223.534 216.162    .052
  7  7    .175    .933   -.110 235.519 224.349 216.702    .050
  7  8    .173    .873   -.048 236.380 225.068 217.152    .043
  7  9    .071   1.012   -.088 237.144 225.643 217.575    .042
  7 10    .041   1.026   -.072 237.775 226.151 217.933    .037
  7 11    .016   1.038   -.058 238.286 226.574 218.242    .033
  7 12   -.013   1.063   -.055 238.699 226.936 218.493    .032
  7 13   -.009   1.035   -.029 239.017 227.177 218.698    .022
  7 14    .000   1.005   -.007 239.234 227.362 218.840    .014
  7 15   -.001   1.002   -.002 239.298 227.423 218.898    .010
  7 16    .003    .995    .003 239.289 227.411 218.904    .010
  7 17   -.001   1.010   -.006 239.206 227.313 218.852    .019
  7 18    .015    .992   -.004 238.961 227.117 218.721    .025
  7 19   -.027   1.095   -.063 238.633 226.833 218.532    .034
  7 20   -.037   1.142   -.100 238.248 226.492 218.304    .041
  7 21    .016   1.078   -.088 237.733 226.054 218.012    .041
  7 22    .049   1.058   -.102 237.021 225.503 217.630    .042
  7 23    .102   1.011   -.107 236.240 224.866 217.214    .046
  7 24    .193    .897   -.086 235.383 224.155 216.762    .047
  7 25    .303    .756   -.055 234.228 223.277 216.217    .052
  7 26    .437    .572   -.008 232.915 222.224 215.533    .052
  7 27    .573    .397    .032 231.322 221.032 214.684    .049
  7 28    .706    .249    .051 229.681 219.779 213.926    .054
  7 29    .831    .128    .045 227.748 218.428 213.137    .070
  7 30   1.062   -.153    .101 225.476 216.883 212.358    .064
 
   8   3 218.901
   7   8   9
  8  1   1.026    .034   -.055 217.768 212.838 213.016    .099
  8  2    .812    .263   -.065 219.193 213.443 212.796    .089
  8  3    .641    .445   -.076 220.457 214.098 212.551    .079
  8  4    .509    .569   -.068 221.573 214.760 212.291    .071
  8  5    .392    .683   -.068 222.580 215.478 212.099    .067
  8  6    .307    .747   -.051 223.534 216.162 212.078    .070
  8  7    .234    .808   -.042 224.349 216.702 212.040    .060
  8  8    .177    .858   -.034 225.068 217.152 212.207    .049
  8  9    .120    .900   -.027 225.643 217.575 211.909    .065
  8 10    .079    .936   -.022 226.151 217.933 211.916    .060
  8 11    .046    .968   -.019 226.574 218.242 211.926    .049
  8 12    .023    .982   -.012 226.936 218.493 212.075    .052
  8 13    .013    .987   -.004 227.177 218.698 211.886    .034
  8 14    .008    .988    .002 227.362 218.840 211.959    .019
  8 15    .000   1.000    .000 227.423 218.898 211.912    .011
  8 16    .001    .998    .001 227.411 218.904 211.875    .011
  8 17    .009    .994    .001 227.313 218.852 211.914    .024
  8 18    .017    .990   -.004 227.117 218.721 211.997    .031
  8 19    .035    .972   -.005 226.833 218.532 211.792    .046
  8 20    .059    .945   -.005 226.492 218.304 211.878    .068
  8 21    .089    .924   -.011 226.054 218.012 211.923    .065
  8 22    .129    .884   -.012 225.503 217.630 211.647    .070
  8 23    .175    .850   -.022 224.866 217.214 211.705    .073
  8 24    .230    .804   -.032 224.155 216.762 211.781    .072
  8 25    .301    .734   -.033 223.277 216.217 211.628    .076
  8 26    .382    .668   -.046 222.224 215.533 211.647    .067
  8 27    .484    .591   -.065 221.032 214.684 211.490    .067
  8 28    .615    .457   -.062 219.779 213.926 211.638    .074
  8 29    .769    .298   -.061 218.428 213.137 211.687    .093
  8 30    .978    .020   -.003 216.883 212.358 211.974    .100
 
   9   3 211.893
   8   9  10
  9  1    .562    .731   -.247 212.838 213.016 218.256    .183
  9  2    .407    .878   -.243 213.443 212.796 217.681    .157
  9  3    .318    .942   -.224 214.098 212.551 217.173    .138
  9  4    .252    .978   -.198 214.760 212.291 216.729    .121
  9  5    .191   1.005   -.173 215.478 212.099 216.482    .116
  9  6    .122   1.028   -.139 216.162 212.078 216.278    .122
  9  7    .091   1.030   -.114 216.702 212.040 216.079    .107
  9  8    .063   1.030   -.089 217.152 212.207 215.910    .083
  9  9   -.004   1.045   -.057 217.575 211.909 215.763    .110
  9 10   -.024   1.040   -.034 217.933 211.916 215.662    .095
  9 11   -.023   1.030   -.022 218.242 211.926 215.569    .071
  9 12   -.046   1.024    .000 218.493 212.075 215.497    .084
  9 13   -.027   1.016   -.003 218.698 211.886 215.450    .051
  9 14   -.005   1.003   -.002 218.840 211.959 215.404    .028
  9 15   -.001   1.004   -.004 218.898 211.912 215.382    .014
  9 16    .001    .996    .004 218.904 211.875 215.362    .014
  9 17   -.002    .992    .012 218.852 211.914 215.346    .033
  9 18    .016   1.006   -.017 218.721 211.997 215.365    .047
  9 19   -.011   1.012   -.007 218.532 211.792 215.377    .072
  9 20   -.029   1.026   -.011 218.304 211.878 215.404    .107
  9 21   -.018   1.026   -.018 218.012 211.923 215.456    .110
  9 22   -.002   1.036   -.044 217.630 211.647 215.529    .114
  9 23    .020   1.040   -.066 217.214 211.705 215.625    .129
  9 24    .052   1.042   -.093 216.762 211.781 215.747    .135
  9 25    .068   1.056   -.124 216.217 211.628 215.908    .145
  9 26    .155   1.024   -.160 215.533 211.647 216.005    .137
  9 27    .219   1.001   -.191 214.684 211.490 216.096    .137
  9 28    .281    .971   -.217 213.926 211.638 216.322    .172
  9 29    .366    .914   -.239 213.137 211.687 216.695    .214
  9 30    .528    .767   -.241 212.358 211.974 217.239    .226
 
  10   3 215.372
   9  10  11
 10  1    .590    .426   -.027 213.016 218.256 225.857    .125
 10  2    .452    .595   -.053 212.796 217.681 225.192    .099
 10  3    .360    .693   -.057 212.551 217.173 224.604    .092
 10  4    .300    .741   -.044 212.291 216.729 224.067    .079
 10  5    .267    .746   -.018 212.099 216.482 223.736    .081
 10  6    .248    .734    .012 212.078 216.278 223.452    .092
 10  7    .233    .722    .037 212.040 216.079 223.181    .082
 10  8    .184    .780    .030 212.207 215.910 222.942    .068
 10  9    .212    .703    .077 211.909 215.763 222.729    .095
 10 10    .174    .752    .068 211.916 215.662 222.576    .080
 10 11    .120    .829    .046 211.926 215.569 222.436    .059
 10 12    .121    .812    .061 212.075 215.497 222.325    .068
 10 13    .068    .895    .034 211.886 215.450 222.242    .041
 10 14    .021    .968    .010 211.959 215.404 222.174    .025
 10 15    .002    .997    .001 211.912 215.382 222.143    .013
 10 16   -.001   1.001    .000 211.875 215.362 222.118    .013
 10 17   -.003   1.008   -.004 211.914 215.346 222.115    .029
 10 18   -.014   1.035   -.019 211.997 215.365 222.149    .041
 10 19    .044    .943    .013 211.792 215.377 222.190    .066
 10 20    .091    .873    .034 211.878 215.404 222.259    .097
 10 21    .119    .842    .038 211.923 215.456 222.354    .100
 10 22    .163    .786    .048 211.647 215.529 222.486    .100
 10 23    .204    .735    .057 211.705 215.625 222.643    .110
 10 24    .238    .705    .052 211.781 215.747 222.847    .102
 10 25    .267    .691    .038 211.628 215.908 223.077    .105
 10 26    .286    .701    .010 211.647 216.005 223.261    .092
 10 27    .330    .673   -.004 211.490 216.096 223.404    .091
 10 28    .418    .564    .014 211.638 216.322 223.709    .112
 10 29    .507    .464    .022 211.687 216.695 224.173    .142
 10 30    .598    .391    .006 211.974 217.239 224.831    .155
 
  11   3 222.130
  10  11  12
 11  1    .512    .494   -.011 218.256 225.857 235.134    .071
 11  2    .399    .643   -.044 217.681 225.192 234.324    .058
 11  3    .318    .731   -.050 217.173 224.604 233.638    .065
 11  4    .259    .783   -.043 216.729 224.067 233.007    .058
 11  5    .216    .802   -.021 216.482 223.736 232.599    .065
 11  6    .184    .804    .005 216.278 223.452 232.253    .078
 11  7    .155    .815    .022 216.079 223.181 231.937    .068
 11  8    .128    .834    .031 215.910 222.942 231.644    .068
 11  9    .117    .813    .060 215.763 222.729 231.398    .079
 11 10    .094    .839    .057 215.662 222.576 231.209    .063
 11 11    .063    .894    .037 215.569 222.436 231.041    .043
 11 12    .061    .873    .058 215.497 222.325 230.912    .049
 11 13    .033    .930    .032 215.450 222.242 230.803    .029
 11 14    .010    .980    .009 215.404 222.174 230.720    .022
 11 15    .002    .996    .002 215.382 222.143 230.679    .010
 11 16   -.001   1.004   -.002 215.362 222.118 230.660    .010
 11 17   -.006   1.021   -.013 215.346 222.115 230.660    .023
 11 18   -.006   1.034   -.025 215.365 222.149 230.703    .032
 11 19    .022    .971    .005 215.377 222.190 230.756    .056
 11 20    .046    .930    .021 215.404 222.259 230.853    .079
 11 21    .062    .918    .017 215.456 222.354 230.980    .084
 11 22    .092    .874    .029 215.529 222.486 231.147    .086
 11 23    .119    .844    .031 215.625 222.643 231.341    .092
 11 24    .143    .834    .017 215.747 222.847 231.590    .081
 11 25    .175    .815    .005 215.908 223.077 231.877    .083
 11 26    .209    .808   -.018 216.005 223.261 232.131    .067
 11 27    .254    .779   -.033 216.096 223.404 232.336    .065
 11 28    .322    .694   -.018 216.322 223.709 232.723    .076
 11 29    .399    .609   -.011 216.695 224.173 233.299    .090
 11 30    .498    .520   -.019 217.239 224.831 234.093    .110
 
  12   3 230.670
  11  12  13
 12  1    .469    .565   -.034 225.857 235.134 245.970    .069
 12  2    .376    .692   -.065 225.192 234.324 245.096    .059
 12  3    .300    .767   -.065 224.604 233.638 244.332    .057
 12  4    .241    .816   -.056 224.067 233.007 243.639    .051
 12  5    .189    .851   -.041 223.736 232.599 243.170    .056
 12  6    .148    .868   -.019 223.452 232.253 242.767    .064
 12  7    .117    .895   -.015 223.181 231.937 242.399    .057
 12  8    .088    .908    .000 222.942 231.644 242.068    .067
 12  9    .065    .914    .015 222.729 231.398 241.779    .068
 12 10    .047    .936    .013 222.576 231.209 241.560    .053
 12 11    .033    .957    .008 222.436 231.041 241.363    .038
 12 12    .022    .943    .030 222.325 230.912 241.216    .046
 12 13    .012    .971    .015 222.242 230.803 241.090    .029
 12 14    .005    .992    .003 222.174 230.720 240.991    .019
 12 15    .000    .999    .001 222.143 230.679 240.948    .010
 12 16    .000   1.000    .000 222.118 230.660 240.926    .010
 12 17    .001   1.016   -.015 222.115 230.660 240.933    .019
 12 18    .006   1.015   -.020 222.149 230.703 240.984    .024
 12 19    .015    .978    .005 222.190 230.756 241.057    .041
 12 20    .024    .965    .007 222.259 230.853 241.176    .049
 12 21    .039    .957    .001 222.354 230.980 241.334    .052
 12 22    .057    .936    .002 222.486 231.147 241.531    .061
 12 23    .079    .918   -.002 222.643 231.341 241.770    .056
 12 24    .107    .908   -.019 222.847 231.590 242.064    .050
 12 25    .141    .885   -.029 223.077 231.877 242.406    .056
 12 26    .184    .865   -.050 223.261 232.131 242.724    .052
 12 27    .235    .829   -.062 223.404 232.336 242.992    .052
 12 28    .295    .760   -.053 223.709 232.723 243.441    .062
 12 29    .372    .690   -.059 224.173 233.299 244.102    .066
 12 30    .482    .556   -.036 224.831 234.093 244.972    .080
 
  13   3 240.937
  12  13  14
 13  1    .461    .581   -.037 235.134 245.970 254.897    .130
 13  2    .389    .657   -.041 234.324 245.096 254.400    .107
 13  3    .304    .743   -.044 233.638 244.332 253.906    .096
 13  4    .249    .790   -.037 233.007 243.639 253.414    .077
 13  5    .175    .864   -.040 232.599 243.170 253.097    .071
 13  6    .141    .891   -.033 232.253 242.767 252.803    .063
 13  7    .127    .898   -.023 231.937 242.399 252.528    .053
 13  8    .080    .944   -.024 231.644 242.068 252.276    .050
 13  9    .063    .960   -.023 231.398 241.779 252.044    .045
 13 10    .061    .955   -.012 231.209 241.560 251.863    .038
 13 11    .037    .974   -.009 231.041 241.363 251.701    .037
 13 12    .006   1.002   -.009 230.912 241.216 251.580    .039
 13 13    .010    .994   -.003 230.803 241.090 251.468    .025
 13 14    .013    .986    .003 230.720 240.991 251.382    .022
 13 15    .004    .997    .000 230.679 240.948 251.342    .013
 13 16   -.003   1.003    .000 230.660 240.926 251.320    .014
 13 17    .014    .991   -.003 230.660 240.933 251.325    .028
 13 18    .003   1.003   -.008 230.703 240.984 251.365    .032
 13 19   -.008   1.016   -.013 230.756 241.057 251.428    .038
 13 20    .004   1.011   -.020 230.853 241.176 251.514    .035
 13 21    .030    .989   -.023 230.980 241.334 251.646    .037
 13 22    .046    .981   -.032 231.147 241.531 251.809    .055
 13 23    .059    .977   -.043 231.341 241.770 252.000    .069
 13 24    .112    .931   -.047 231.590 242.064 252.229    .056
 13 25    .147    .898   -.050 231.877 242.406 252.491    .062
 13 26    .212    .842   -.055 232.131 242.724 252.699    .088
 13 27    .274    .779   -.053 232.336 242.992 252.829    .087
 13 28    .327    .733   -.061 232.723 243.441 253.094    .103
 13 29    .441    .607   -.044 233.299 244.102 253.508    .102
 13 30    .511    .531   -.042 234.093 244.972 253.989    .098
 
  14   3 251.331
  12  13  14
 14  1   -.067    .624    .447 235.134 245.970 254.897    .185
 14  2   -.051    .518    .539 234.324 245.096 254.400    .140
 14  3   -.060    .453    .611 233.638 244.332 253.906    .120
 14  4   -.057    .375    .684 233.007 243.639 253.414    .097
 14  5   -.070    .334    .736 232.599 243.170 253.097    .092
 14  6   -.036    .248    .790 232.253 242.767 252.803    .078
 14  7   -.002    .162    .846 231.937 242.399 252.528    .087
 14  8   -.013    .142    .874 231.644 242.068 252.276    .066
 14  9    .025    .080    .903 231.398 241.779 252.044    .061
 14 10    .018    .056    .932 231.209 241.560 251.863    .050
 14 11    .005    .051    .947 231.041 241.363 251.701    .049
 14 12    .002    .040    .961 230.912 241.216 251.580    .049
 14 13    .014    .009    .980 230.803 241.090 251.468    .045
 14 14    .003    .000    .998 230.720 240.991 251.382    .038
 14 15    .004   -.001    .998 230.679 240.948 251.342    .021
 14 16   -.004    .002   1.002 230.660 240.926 251.320    .021
 14 17    .006    .005    .990 230.660 240.933 251.325    .036
 14 18   -.039    .063    .971 230.703 240.984 251.365    .054
 14 19   -.051    .086    .957 230.756 241.057 251.428    .064
 14 20   -.040    .093    .941 230.853 241.176 251.514    .064
 14 21   -.021    .103    .914 230.980 241.334 251.646    .062
 14 22   -.019    .133    .883 231.147 241.531 251.809    .076
 14 23   -.037    .196    .836 231.341 241.770 252.000    .105
 14 24   -.044    .237    .800 231.590 242.064 252.229    .098
 14 25   -.039    .282    .751 231.877 242.406 252.491    .121
 14 26   -.026    .325    .697 232.131 242.724 252.699    .147
 14 27   -.005    .353    .651 232.336 242.992 252.829    .148
 14 28   -.006    .424    .580 232.723 243.441 253.094    .173
 14 29    .051    .422    .532 233.299 244.102 253.508    .167
 14 30    .023    .537    .437 234.093 244.972 253.989    .175
 
  15   2 228.473
   2  15
 15  1    .741    .395 176.935 247.055    .899
 15  2    .687    .496 175.806 245.458    .806
 15  3    .605    .597 175.157 244.040    .726
 15  4    .516    .683 174.297 242.651    .661
 15  5    .427    .762 173.174 241.287    .672
 15  6    .357    .819 171.836 239.826    .631
 15  7    .297    .862 170.202 238.262    .604
 15  8    .222    .910 168.741 236.652    .560
 15  9    .170    .940 166.952 234.999    .458
 15 10    .110    .970 165.282 233.512    .540
 15 11    .053    .991 163.703 232.001    .428
 15 12   -.001   1.008 162.261 230.687    .393
 15 13   -.015   1.008 161.157 229.615    .374
 15 14   -.014   1.007 160.619 228.879    .269
 15 15   -.010   1.005 160.246 228.539    .133
 15 16    .006    .996 160.182 228.406    .133
 15 17   -.001    .996 160.461 228.653    .268
 15 18   -.004   1.000 161.321 229.294    .332
 15 19    .030    .992 162.579 230.299    .380
 15 20    .060    .982 163.943 231.544    .435
 15 21    .108    .963 165.787 233.021    .489
 15 22    .164    .940 167.660 234.712    .490
 15 23    .220    .914 169.632 236.476    .493
 15 24    .268    .886 171.632 238.235    .526
 15 25    .338    .840 173.402 239.954    .522
 15 26    .415    .784 175.151 241.599    .638
 15 27    .471    .725 176.633 243.022    .719
 15 28    .531    .652 177.930 244.430    .809
 15 29    .597    .563 179.238 245.874    .887
 15 30    .689    .439 180.556 247.473    .870
