 
   1   2 276.390
   1   2
  1  1   1.117   -.128 272.665 270.427   1.433
  1  2    .777    .263 274.107 272.149   1.111
  1  3    .642    .412 275.204 273.470    .886
  1  4    .591    .480 275.926 274.299    .815
  1  5    .602    .457 276.301 274.679    .867
  1  6    .693    .357 276.499 274.921    .706
  1  7    .837    .203 276.557 274.964    .608
  1  8    .891    .148 276.815 275.172    .564
  1  9    .859    .170 276.814 275.243    .540
  1 10    .957    .057 276.719 275.087    .485
  1 11   1.009    .001 276.680 275.075    .432
  1 12   1.043   -.046 276.483 274.856    .427
  1 13    .936    .066 276.356 274.701    .362
  1 14    .947    .052 276.418 274.788    .361
  1 15   1.019   -.023 276.375 274.700    .194
  1 16    .992    .011 276.406 274.719    .196
  1 17   1.044   -.053 276.375 274.696    .339
  1 18    .903    .098 276.463 274.774    .377
  1 19    .900    .100 276.644 274.960    .379
  1 20    .886    .122 276.575 274.908    .399
  1 21    .904    .111 276.668 275.083    .538
  1 22    .879    .143 276.597 275.086    .593
  1 23    .773    .263 276.625 275.135    .622
  1 24    .716    .328 276.374 275.035    .680
  1 25    .681    .374 276.182 274.919    .763
  1 26    .673    .382 275.888 274.672    .881
  1 27    .539    .522 275.453 274.309    .929
  1 28    .716    .328 274.673 273.481    .909
  1 29    .781    .243 273.536 272.260    .944
  1 30    .889    .139 272.040 270.451   1.487
 
   2   2 274.709
   1   2
  2  1    .307    .675 272.665 270.427   1.660
  2  2   -.163   1.198 274.107 272.149   1.264
  2  3   -.358   1.404 275.204 273.470   1.025
  2  4   -.402   1.464 275.926 274.299    .923
  2  5   -.455   1.508 276.301 274.679    .951
  2  6   -.330   1.375 276.499 274.921    .771
  2  7   -.162   1.198 276.557 274.964    .657
  2  8   -.110   1.145 276.815 275.172    .647
  2  9   -.174   1.202 276.814 275.243    .593
  2 10   -.086   1.102 276.719 275.087    .508
  2 11   -.012   1.023 276.680 275.075    .466
  2 12    .059    .936 276.483 274.856    .511
  2 13   -.058   1.061 276.356 274.701    .434
  2 14   -.051   1.050 276.418 274.788    .435
  2 15    .027    .968 276.375 274.700    .221
  2 16   -.011   1.014 276.406 274.719    .224
  2 17    .047    .945 276.375 274.696    .443
  2 18   -.115   1.115 276.463 274.774    .474
  2 19   -.154   1.157 276.644 274.960    .438
  2 20   -.156   1.168 276.575 274.908    .507
  2 21   -.110   1.125 276.668 275.083    .655
  2 22   -.110   1.132 276.597 275.086    .732
  2 23   -.247   1.284 276.625 275.135    .760
  2 24   -.285   1.332 276.374 275.035    .788
  2 25   -.343   1.402 276.182 274.919    .865
  2 26   -.347   1.405 275.888 274.672   1.033
  2 27   -.539   1.607 275.453 274.309   1.115
  2 28   -.324   1.375 274.673 273.481   1.163
  2 29   -.209   1.244 273.536 272.260   1.096
  2 30   -.071   1.119 272.040 270.451   1.568
 
   3   2 278.132
   3   5
  3  1   1.375  -0.491 272.176 243.176   0.571
  3  2   1.225  -0.254 273.575 245.803   0.531
  3  3   1.091  -0.057 274.621 248.031   0.574
  3  4   0.981   0.100 275.461 249.934   0.574
  3  5   0.996   0.053 276.338 251.678   0.564
  3  6   0.985   0.054 277.108 253.200   0.563
  3  7   0.989   0.042 277.529 254.433   0.531
  3  8   1.016  -0.012 277.893 255.442   0.501
  3  9   1.047  -0.064 278.031 256.266   0.437
  3 10   1.070  -0.101 278.178 256.969   0.392
  3 11   1.022  -0.025 278.111 257.515   0.337
  3 12   0.991   0.023 278.097 257.975   0.353
  3 13   0.968   0.048 278.061 258.290   0.280
  3 14   0.975   0.048 278.145 258.512   0.236
  3 15   0.975   0.039 278.124 258.634   0.112
  3 16   1.008  -0.014 278.139 258.648   0.115
  3 17   0.925   0.105 278.145 258.535   0.303
  3 18   0.931   0.083 278.124 258.372   0.309
  3 19   0.912   0.107 278.113 258.043   0.282
  3 20   0.958   0.046 278.149 257.623   0.224
  3 21   1.076  -0.137 278.177 257.092   0.293
  3 22   0.996  -0.008 277.904 256.412   0.353
  3 23   0.930   0.104 277.733 255.607   0.423
  3 24   0.950   0.070 277.576 254.622   0.410
  3 25   0.982   0.020 277.060 253.441   0.445
  3 26   1.018  -0.016 276.291 251.904   0.460
  3 27   0.973   0.096 275.215 250.088   0.501
  3 28   1.091  -0.062 274.138 248.115   0.433
  3 29   1.150  -0.104 272.863 245.845   0.493
  3 30   1.288  -0.287 271.307 243.122   0.641
 
   4   2 271.369
   3   5
  4  1   0.743   0.564 272.176 243.176   0.662
  4  2   0.659   0.613 273.575 245.803   0.519
  4  3   0.601   0.642 274.621 248.031   0.396
  4  4   0.509   0.744 275.461 249.934   0.372
  4  5   0.514   0.697 276.338 251.678   0.297
  4  6   0.489   0.706 277.108 253.200   0.276
  4  7   0.453   0.741 277.529 254.433   0.275
  4  8   0.426   0.761 277.893 255.442   0.270
  4  9   0.412   0.764 278.031 256.266   0.276
  4 10   0.390   0.784 278.178 256.969   0.286
  4 11   0.337   0.853 278.111 257.515   0.273
  4 12   0.306   0.890 278.097 257.975   0.281
  4 13   0.281   0.917 278.061 258.290   0.283
  4 14   0.267   0.936 278.145 258.512   0.287
  4 15   0.259   0.940 278.124 258.634   0.279
  4 16   0.276   0.915 278.139 258.648   0.289
  4 17   0.234   0.976 278.145 258.535   0.315
  4 18   0.261   0.936 278.124 258.372   0.290
  4 19   0.251   0.955 278.113 258.043   0.317
  4 20   0.303   0.890 278.149 257.623   0.278
  4 21   0.377   0.786 278.177 257.092   0.273
  4 22   0.366   0.820 277.904 256.412   0.273
  4 23   0.377   0.821 277.733 255.607   0.263
  4 24   0.408   0.789 277.576 254.622   0.301
  4 25   0.433   0.769 277.060 253.441   0.328
  4 26   0.489   0.713 276.291 251.904   0.339
  4 27   0.476   0.783 275.215 250.088   0.422
  4 28   0.519   0.773 274.138 248.115   0.514
  4 29   0.568   0.776 272.863 245.845   0.583
  4 30   0.640   0.761 271.307 243.122   0.758

   5   2 258.641
   5   6
  5  1   1.568  -0.167 243.176 227.110   0.483
  5  2   1.426  -0.129 245.803 229.402   0.387
  5  3   1.329  -0.081 248.031 231.323   0.315
  5  4   1.258  -0.062 249.934 232.919   0.251
  5  5   1.196  -0.020 251.678 234.361   0.205
  5  6   1.153  -0.015 253.200 235.659   0.171
  5  7   1.131  -0.046 254.433 236.764   0.142
  5  8   1.104  -0.044 255.442 237.689   0.113
  5  9   1.079  -0.036 256.266 238.480   0.107
  5 10   1.058  -0.028 256.969 239.144   0.103
  5 11   1.046  -0.033 257.515 239.685   0.077
  5 12   1.034  -0.034 257.975 240.115   0.074
  5 13   1.016  -0.013 258.290 240.454   0.062
  5 14   1.009  -0.009 258.512 240.685   0.052
  5 15   0.997   0.005 258.634 240.746   0.027
  5 16   1.002  -0.004 258.648 240.738   0.027
  5 17   0.998   0.008 258.535 240.651   0.055
  5 18   1.012  -0.017 258.372 240.390   0.065
  5 19   1.030  -0.042 258.043 240.044   0.073
  5 20   1.023  -0.001 257.623 239.624   0.061
  5 21   1.038  -0.008 257.092 239.097   0.079
  5 22   1.053   0.001 256.412 238.351   0.085
  5 23   1.092  -0.044 255.607 237.528   0.100
  5 24   1.135  -0.092 254.622 236.623   0.138
  5 25   1.155  -0.068 253.441 235.415   0.161
  5 26   1.200  -0.087 251.904 234.047   0.210
  5 27   1.253  -0.111 250.088 232.370   0.255
  5 28   1.315  -0.107 248.115 230.650   0.311
  5 29   1.410  -0.138 245.845 228.624   0.371
  5 30   1.529  -0.214 243.122 226.240   0.473
 
   6   3 239.293
   5   6   7
  6  1    .741    .308   -.051 241.586 226.339 217.768    .100
  6  2    .500    .666   -.163 244.038 228.514 219.193    .090
  6  3    .338    .878   -.211 246.070 230.335 220.457    .084
  6  4    .224   1.005   -.222 247.819 231.860 221.573    .079
  6  5    .151   1.065   -.212 249.376 233.229 222.580    .072
  6  6    .113   1.068   -.179 250.728 234.472 223.534    .064
  6  7    .076   1.080   -.155 251.783 235.519 224.349    .061
  6  8    .063   1.052   -.115 252.620 236.380 225.068    .059
  6  9    .046   1.042   -.090 253.308 237.144 225.643    .046
  6 10    .034   1.029   -.066 253.874 237.775 226.151    .042
  6 11    .024   1.018   -.044 254.341 238.286 226.574    .036
  6 12    .012   1.015   -.029 254.713 238.699 226.936    .031
  6 13    .005   1.010   -.015 254.969 239.017 227.177    .021
  6 14    .002   1.003   -.006 255.140 239.234 227.362    .017
  6 15    .001    .998    .000 255.240 239.298 227.423    .011
  6 16   -.001   1.002    .000 255.258 239.289 227.411    .011
  6 17   -.003   1.013   -.006 255.167 239.206 227.313    .021
  6 18   -.002   1.020   -.015 255.015 238.961 227.117    .029
  6 19   -.004   1.043   -.033 254.755 238.633 226.833    .038
  6 20    .000   1.057   -.052 254.398 238.248 226.492    .042
  6 21    .010   1.070   -.071 253.958 237.733 226.054    .039
  6 22    .020   1.087   -.099 253.405 237.021 225.503    .039
  6 23    .035   1.105   -.130 252.734 236.240 224.866    .042
  6 24    .062   1.105   -.158 251.899 235.383 224.155    .052
  6 25    .100   1.093   -.186 250.880 234.228 223.277    .057
  6 26    .147   1.070   -.213 249.535 232.915 222.224    .063
  6 27    .232    .982   -.210 247.912 231.322 221.032    .068
  6 28    .335    .871   -.204 246.125 229.681 219.779    .080
  6 29    .485    .676   -.164 244.012 227.748 218.428    .089
  6 30    .627    .516   -.151 241.461 225.476 216.883    .085
 
   7   3 227.417
   6   7   8
  7  1   1.104   -.253    .151 226.339 217.768 212.838    .075
  7  2    .857    .101    .048 228.514 219.193 213.443    .065
  7  3    .668    .344   -.008 230.335 220.457 214.098    .061
  7  4    .526    .510   -.032 231.860 221.573 214.760    .056
  7  5    .362    .730   -.092 233.229 222.580 215.478    .053
  7  6    .264    .836   -.101 234.472 223.534 216.162    .052
  7  7    .175    .933   -.110 235.519 224.349 216.702    .050
  7  8    .173    .873   -.048 236.380 225.068 217.152    .043
  7  9    .071   1.012   -.088 237.144 225.643 217.575    .042
  7 10    .041   1.026   -.072 237.775 226.151 217.933    .037
  7 11    .016   1.038   -.058 238.286 226.574 218.242    .033
  7 12   -.013   1.063   -.055 238.699 226.936 218.493    .032
  7 13   -.009   1.035   -.029 239.017 227.177 218.698    .022
  7 14    .000   1.005   -.007 239.234 227.362 218.840    .014
  7 15   -.001   1.002   -.002 239.298 227.423 218.898    .010
  7 16    .003    .995    .003 239.289 227.411 218.904    .010
  7 17   -.001   1.010   -.006 239.206 227.313 218.852    .019
  7 18    .015    .992   -.004 238.961 227.117 218.721    .025
  7 19   -.027   1.095   -.063 238.633 226.833 218.532    .034
  7 20   -.037   1.142   -.100 238.248 226.492 218.304    .041
  7 21    .016   1.078   -.088 237.733 226.054 218.012    .041
  7 22    .049   1.058   -.102 237.021 225.503 217.630    .042
  7 23    .102   1.011   -.107 236.240 224.866 217.214    .046
  7 24    .193    .897   -.086 235.383 224.155 216.762    .047
  7 25    .303    .756   -.055 234.228 223.277 216.217    .052
  7 26    .437    .572   -.008 232.915 222.224 215.533    .052
  7 27    .573    .397    .032 231.322 221.032 214.684    .049
  7 28    .706    .249    .051 229.681 219.779 213.926    .054
  7 29    .831    .128    .045 227.748 218.428 213.137    .070
  7 30   1.062   -.153    .101 225.476 216.883 212.358    .064
 
   8   3 218.901
   7   8   9
  8  1   1.026    .034   -.055 217.768 212.838 213.016    .099
  8  2    .812    .263   -.065 219.193 213.443 212.796    .089
  8  3    .641    .445   -.076 220.457 214.098 212.551    .079
  8  4    .509    .569   -.068 221.573 214.760 212.291    .071
  8  5    .392    .683   -.068 222.580 215.478 212.099    .067
  8  6    .307    .747   -.051 223.534 216.162 212.078    .070
  8  7    .234    .808   -.042 224.349 216.702 212.040    .060
  8  8    .177    .858   -.034 225.068 217.152 212.207    .049
  8  9    .120    .900   -.027 225.643 217.575 211.909    .065
  8 10    .079    .936   -.022 226.151 217.933 211.916    .060
  8 11    .046    .968   -.019 226.574 218.242 211.926    .049
  8 12    .023    .982   -.012 226.936 218.493 212.075    .052
  8 13    .013    .987   -.004 227.177 218.698 211.886    .034
  8 14    .008    .988    .002 227.362 218.840 211.959    .019
  8 15    .000   1.000    .000 227.423 218.898 211.912    .011
  8 16    .001    .998    .001 227.411 218.904 211.875    .011
  8 17    .009    .994    .001 227.313 218.852 211.914    .024
  8 18    .017    .990   -.004 227.117 218.721 211.997    .031
  8 19    .035    .972   -.005 226.833 218.532 211.792    .046
  8 20    .059    .945   -.005 226.492 218.304 211.878    .068
  8 21    .089    .924   -.011 226.054 218.012 211.923    .065
  8 22    .129    .884   -.012 225.503 217.630 211.647    .070
  8 23    .175    .850   -.022 224.866 217.214 211.705    .073
  8 24    .230    .804   -.032 224.155 216.762 211.781    .072
  8 25    .301    .734   -.033 223.277 216.217 211.628    .076
  8 26    .382    .668   -.046 222.224 215.533 211.647    .067
  8 27    .484    .591   -.065 221.032 214.684 211.490    .067
  8 28    .615    .457   -.062 219.779 213.926 211.638    .074
  8 29    .769    .298   -.061 218.428 213.137 211.687    .093
  8 30    .978    .020   -.003 216.883 212.358 211.974    .100
 
   9   3 211.893
   8   9  10
  9  1    .562    .731   -.247 212.838 213.016 218.256    .183
  9  2    .407    .878   -.243 213.443 212.796 217.681    .157
  9  3    .318    .942   -.224 214.098 212.551 217.173    .138
  9  4    .252    .978   -.198 214.760 212.291 216.729    .121
  9  5    .191   1.005   -.173 215.478 212.099 216.482    .116
  9  6    .122   1.028   -.139 216.162 212.078 216.278    .122
  9  7    .091   1.030   -.114 216.702 212.040 216.079    .107
  9  8    .063   1.030   -.089 217.152 212.207 215.910    .083
  9  9   -.004   1.045   -.057 217.575 211.909 215.763    .110
  9 10   -.024   1.040   -.034 217.933 211.916 215.662    .095
  9 11   -.023   1.030   -.022 218.242 211.926 215.569    .071
  9 12   -.046   1.024    .000 218.493 212.075 215.497    .084
  9 13   -.027   1.016   -.003 218.698 211.886 215.450    .051
  9 14   -.005   1.003   -.002 218.840 211.959 215.404    .028
  9 15   -.001   1.004   -.004 218.898 211.912 215.382    .014
  9 16    .001    .996    .004 218.904 211.875 215.362    .014
  9 17   -.002    .992    .012 218.852 211.914 215.346    .033
  9 18    .016   1.006   -.017 218.721 211.997 215.365    .047
  9 19   -.011   1.012   -.007 218.532 211.792 215.377    .072
  9 20   -.029   1.026   -.011 218.304 211.878 215.404    .107
  9 21   -.018   1.026   -.018 218.012 211.923 215.456    .110
  9 22   -.002   1.036   -.044 217.630 211.647 215.529    .114
  9 23    .020   1.040   -.066 217.214 211.705 215.625    .129
  9 24    .052   1.042   -.093 216.762 211.781 215.747    .135
  9 25    .068   1.056   -.124 216.217 211.628 215.908    .145
  9 26    .155   1.024   -.160 215.533 211.647 216.005    .137
  9 27    .219   1.001   -.191 214.684 211.490 216.096    .137
  9 28    .281    .971   -.217 213.926 211.638 216.322    .172
  9 29    .366    .914   -.239 213.137 211.687 216.695    .214
  9 30    .528    .767   -.241 212.358 211.974 217.239    .226
 
  10   3 215.372
   9  10  11
 10  1    .590    .426   -.027 213.016 218.256 225.857    .125
 10  2    .452    .595   -.053 212.796 217.681 225.192    .099
 10  3    .360    .693   -.057 212.551 217.173 224.604    .092
 10  4    .300    .741   -.044 212.291 216.729 224.067    .079
 10  5    .267    .746   -.018 212.099 216.482 223.736    .081
 10  6    .248    .734    .012 212.078 216.278 223.452    .092
 10  7    .233    .722    .037 212.040 216.079 223.181    .082
 10  8    .184    .780    .030 212.207 215.910 222.942    .068
 10  9    .212    .703    .077 211.909 215.763 222.729    .095
 10 10    .174    .752    .068 211.916 215.662 222.576    .080
 10 11    .120    .829    .046 211.926 215.569 222.436    .059
 10 12    .121    .812    .061 212.075 215.497 222.325    .068
 10 13    .068    .895    .034 211.886 215.450 222.242    .041
 10 14    .021    .968    .010 211.959 215.404 222.174    .025
 10 15    .002    .997    .001 211.912 215.382 222.143    .013
 10 16   -.001   1.001    .000 211.875 215.362 222.118    .013
 10 17   -.003   1.008   -.004 211.914 215.346 222.115    .029
 10 18   -.014   1.035   -.019 211.997 215.365 222.149    .041
 10 19    .044    .943    .013 211.792 215.377 222.190    .066
 10 20    .091    .873    .034 211.878 215.404 222.259    .097
 10 21    .119    .842    .038 211.923 215.456 222.354    .100
 10 22    .163    .786    .048 211.647 215.529 222.486    .100
 10 23    .204    .735    .057 211.705 215.625 222.643    .110
 10 24    .238    .705    .052 211.781 215.747 222.847    .102
 10 25    .267    .691    .038 211.628 215.908 223.077    .105
 10 26    .286    .701    .010 211.647 216.005 223.261    .092
 10 27    .330    .673   -.004 211.490 216.096 223.404    .091
 10 28    .418    .564    .014 211.638 216.322 223.709    .112
 10 29    .507    .464    .022 211.687 216.695 224.173    .142
 10 30    .598    .391    .006 211.974 217.239 224.831    .155
 
  11   3 222.130
  10  11  12
 11  1    .512    .494   -.011 218.256 225.857 235.134    .071
 11  2    .399    .643   -.044 217.681 225.192 234.324    .058
 11  3    .318    .731   -.050 217.173 224.604 233.638    .065
 11  4    .259    .783   -.043 216.729 224.067 233.007    .058
 11  5    .216    .802   -.021 216.482 223.736 232.599    .065
 11  6    .184    .804    .005 216.278 223.452 232.253    .078
 11  7    .155    .815    .022 216.079 223.181 231.937    .068
 11  8    .128    .834    .031 215.910 222.942 231.644    .068
 11  9    .117    .813    .060 215.763 222.729 231.398    .079
 11 10    .094    .839    .057 215.662 222.576 231.209    .063
 11 11    .063    .894    .037 215.569 222.436 231.041    .043
 11 12    .061    .873    .058 215.497 222.325 230.912    .049
 11 13    .033    .930    .032 215.450 222.242 230.803    .029
 11 14    .010    .980    .009 215.404 222.174 230.720    .022
 11 15    .002    .996    .002 215.382 222.143 230.679    .010
 11 16   -.001   1.004   -.002 215.362 222.118 230.660    .010
 11 17   -.006   1.021   -.013 215.346 222.115 230.660    .023
 11 18   -.006   1.034   -.025 215.365 222.149 230.703    .032
 11 19    .022    .971    .005 215.377 222.190 230.756    .056
 11 20    .046    .930    .021 215.404 222.259 230.853    .079
 11 21    .062    .918    .017 215.456 222.354 230.980    .084
 11 22    .092    .874    .029 215.529 222.486 231.147    .086
 11 23    .119    .844    .031 215.625 222.643 231.341    .092
 11 24    .143    .834    .017 215.747 222.847 231.590    .081
 11 25    .175    .815    .005 215.908 223.077 231.877    .083
 11 26    .209    .808   -.018 216.005 223.261 232.131    .067
 11 27    .254    .779   -.033 216.096 223.404 232.336    .065
 11 28    .322    .694   -.018 216.322 223.709 232.723    .076
 11 29    .399    .609   -.011 216.695 224.173 233.299    .090
 11 30    .498    .520   -.019 217.239 224.831 234.093    .110
 
  12   3 230.670
  11  12  13
 12  1    .469    .565   -.034 225.857 235.134 245.970    .069
 12  2    .376    .692   -.065 225.192 234.324 245.096    .059
 12  3    .300    .767   -.065 224.604 233.638 244.332    .057
 12  4    .241    .816   -.056 224.067 233.007 243.639    .051
 12  5    .189    .851   -.041 223.736 232.599 243.170    .056
 12  6    .148    .868   -.019 223.452 232.253 242.767    .064
 12  7    .117    .895   -.015 223.181 231.937 242.399    .057
 12  8    .088    .908    .000 222.942 231.644 242.068    .067
 12  9    .065    .914    .015 222.729 231.398 241.779    .068
 12 10    .047    .936    .013 222.576 231.209 241.560    .053
 12 11    .033    .957    .008 222.436 231.041 241.363    .038
 12 12    .022    .943    .030 222.325 230.912 241.216    .046
 12 13    .012    .971    .015 222.242 230.803 241.090    .029
 12 14    .005    .992    .003 222.174 230.720 240.991    .019
 12 15    .000    .999    .001 222.143 230.679 240.948    .010
 12 16    .000   1.000    .000 222.118 230.660 240.926    .010
 12 17    .001   1.016   -.015 222.115 230.660 240.933    .019
 12 18    .006   1.015   -.020 222.149 230.703 240.984    .024
 12 19    .015    .978    .005 222.190 230.756 241.057    .041
 12 20    .024    .965    .007 222.259 230.853 241.176    .049
 12 21    .039    .957    .001 222.354 230.980 241.334    .052
 12 22    .057    .936    .002 222.486 231.147 241.531    .061
 12 23    .079    .918   -.002 222.643 231.341 241.770    .056
 12 24    .107    .908   -.019 222.847 231.590 242.064    .050
 12 25    .141    .885   -.029 223.077 231.877 242.406    .056
 12 26    .184    .865   -.050 223.261 232.131 242.724    .052
 12 27    .235    .829   -.062 223.404 232.336 242.992    .052
 12 28    .295    .760   -.053 223.709 232.723 243.441    .062
 12 29    .372    .690   -.059 224.173 233.299 244.102    .066
 12 30    .482    .556   -.036 224.831 234.093 244.972    .080
 
  13   3 240.937
  12  13  14
 13  1    .461    .581   -.037 235.134 245.970 254.897    .130
 13  2    .389    .657   -.041 234.324 245.096 254.400    .107
 13  3    .304    .743   -.044 233.638 244.332 253.906    .096
 13  4    .249    .790   -.037 233.007 243.639 253.414    .077
 13  5    .175    .864   -.040 232.599 243.170 253.097    .071
 13  6    .141    .891   -.033 232.253 242.767 252.803    .063
 13  7    .127    .898   -.023 231.937 242.399 252.528    .053
 13  8    .080    .944   -.024 231.644 242.068 252.276    .050
 13  9    .063    .960   -.023 231.398 241.779 252.044    .045
 13 10    .061    .955   -.012 231.209 241.560 251.863    .038
 13 11    .037    .974   -.009 231.041 241.363 251.701    .037
 13 12    .006   1.002   -.009 230.912 241.216 251.580    .039
 13 13    .010    .994   -.003 230.803 241.090 251.468    .025
 13 14    .013    .986    .003 230.720 240.991 251.382    .022
 13 15    .004    .997    .000 230.679 240.948 251.342    .013
 13 16   -.003   1.003    .000 230.660 240.926 251.320    .014
 13 17    .014    .991   -.003 230.660 240.933 251.325    .028
 13 18    .003   1.003   -.008 230.703 240.984 251.365    .032
 13 19   -.008   1.016   -.013 230.756 241.057 251.428    .038
 13 20    .004   1.011   -.020 230.853 241.176 251.514    .035
 13 21    .030    .989   -.023 230.980 241.334 251.646    .037
 13 22    .046    .981   -.032 231.147 241.531 251.809    .055
 13 23    .059    .977   -.043 231.341 241.770 252.000    .069
 13 24    .112    .931   -.047 231.590 242.064 252.229    .056
 13 25    .147    .898   -.050 231.877 242.406 252.491    .062
 13 26    .212    .842   -.055 232.131 242.724 252.699    .088
 13 27    .274    .779   -.053 232.336 242.992 252.829    .087
 13 28    .327    .733   -.061 232.723 243.441 253.094    .103
 13 29    .441    .607   -.044 233.299 244.102 253.508    .102
 13 30    .511    .531   -.042 234.093 244.972 253.989    .098
 
  14   3 251.331
  12  13  14
 14  1   -.067    .624    .447 235.134 245.970 254.897    .185
 14  2   -.051    .518    .539 234.324 245.096 254.400    .140
 14  3   -.060    .453    .611 233.638 244.332 253.906    .120
 14  4   -.057    .375    .684 233.007 243.639 253.414    .097
 14  5   -.070    .334    .736 232.599 243.170 253.097    .092
 14  6   -.036    .248    .790 232.253 242.767 252.803    .078
 14  7   -.002    .162    .846 231.937 242.399 252.528    .087
 14  8   -.013    .142    .874 231.644 242.068 252.276    .066
 14  9    .025    .080    .903 231.398 241.779 252.044    .061
 14 10    .018    .056    .932 231.209 241.560 251.863    .050
 14 11    .005    .051    .947 231.041 241.363 251.701    .049
 14 12    .002    .040    .961 230.912 241.216 251.580    .049
 14 13    .014    .009    .980 230.803 241.090 251.468    .045
 14 14    .003    .000    .998 230.720 240.991 251.382    .038
 14 15    .004   -.001    .998 230.679 240.948 251.342    .021
 14 16   -.004    .002   1.002 230.660 240.926 251.320    .021
 14 17    .006    .005    .990 230.660 240.933 251.325    .036
 14 18   -.039    .063    .971 230.703 240.984 251.365    .054
 14 19   -.051    .086    .957 230.756 241.057 251.428    .064
 14 20   -.040    .093    .941 230.853 241.176 251.514    .064
 14 21   -.021    .103    .914 230.980 241.334 251.646    .062
 14 22   -.019    .133    .883 231.147 241.531 251.809    .076
 14 23   -.037    .196    .836 231.341 241.770 252.000    .105
 14 24   -.044    .237    .800 231.590 242.064 252.229    .098
 14 25   -.039    .282    .751 231.877 242.406 252.491    .121
 14 26   -.026    .325    .697 232.131 242.724 252.699    .147
 14 27   -.005    .353    .651 232.336 242.992 252.829    .148
 14 28   -.006    .424    .580 232.723 243.441 253.094    .173
 14 29    .051    .422    .532 233.299 244.102 253.508    .167
 14 30    .023    .537    .437 234.093 244.972 253.989    .175
 
  15   2 279.980
   2  15
 15  1   -.007   1.007 270.427 277.959    .949
 15  2    .171    .843 272.149 278.964    .777
 15  3    .154    .867 273.470 279.512    .676
 15  4    .120    .915 274.299 279.939    .631
 15  5    .062    .968 274.679 280.153    .612
 15  6    .020   1.013 274.921 280.212    .431
 15  7   -.010   1.039 274.964 280.290    .375
 15  8   -.026   1.055 275.172 280.365    .356
 15  9    .019   1.006 275.243 280.379    .346
 15 10    .009   1.013 275.087 280.323    .302
 15 11   -.002   1.020 275.075 280.260    .300
 15 12   -.042   1.053 274.856 280.127    .305
 15 13    .013    .995 274.701 280.027    .243
 15 14    .013    .984 274.788 279.968    .247
 15 15   -.006   1.004 274.700 279.973    .105
 15 16    .001   1.001 274.719 279.986    .106
 15 17   -.036   1.036 274.696 279.996    .243
 15 18    .020    .974 274.774 280.000    .265
 15 19    .022    .979 274.960 280.097    .298
 15 20    .026    .980 274.908 280.122    .273
 15 21    .012    .996 275.083 280.237    .347
 15 22    .003   1.013 275.086 280.246    .331
 15 23    .042    .980 275.135 280.285    .371
 15 24    .040    .989 275.035 280.254    .428
 15 25    .009   1.024 274.919 280.203    .498
 15 26   -.003   1.038 274.672 280.003    .553
 15 27    .045    .976 274.309 279.720    .675
 15 28    .061    .944 273.481 279.175    .697
 15 29    .062    .942 272.260 278.602    .695
 15 30   -.022   1.038 270.451 277.632    .884
