
   1   2 172.389
   1   2
  1  1   0.480   0.585 198.836 180.651   1.487
  1  2   0.558   0.545 195.816 179.277   1.081
  1  3   0.632   0.493 193.330 178.085   0.877
  1  4   0.699   0.436 191.072 176.802   0.765
  1  5   0.768   0.349 188.796 175.274   0.667
  1  6   0.828   0.263 186.628 173.631   0.642
  1  7   0.868   0.210 184.392 171.820   0.609
  1  8   0.901   0.166 182.180 169.872   0.533
  1  9   0.924   0.138 180.048 167.901   0.454
  1 10   0.942   0.111 178.061 166.049   0.397
  1 11   0.958   0.081 176.260 164.326   0.367
  1 12   0.977   0.043 174.756 162.900   0.349
  1 13   0.986   0.031 173.609 161.753   0.292
  1 14   0.997   0.001 172.796 160.908   0.260
  1 15   1.000  -0.002 172.403 160.492   0.096
  1 16   1.001   0.000 172.374 160.449   0.097
  1 17   1.003  -0.004 172.809 160.905   0.239
  1 18   1.004  -0.011 173.574 161.681   0.315
  1 19   0.998  -0.005 174.736 162.795   0.312
  1 20   0.986   0.020 176.156 164.193   0.310
  1 21   0.975   0.037 177.879 165.860   0.364
  1 22   0.960   0.055 179.797 167.636   0.404
  1 23   0.944   0.070 181.758 169.465   0.509
  1 24   0.910   0.118 183.751 171.259   0.545
  1 25   0.875   0.155 185.957 173.024   0.629
  1 26   0.825   0.215 188.177 174.615   0.721
  1 27   0.774   0.255 190.393 176.031   0.909
  1 28   0.722   0.281 192.720 177.263   1.072
  1 29   0.656   0.325 195.225 178.356   1.333
  1 30   0.585   0.351 198.318 179.673   1.716

   2   2 160.471
   1   2
  2  1  -0.199   0.984 198.836 180.651   1.026
  2  2  -0.189   1.055 195.816 179.277   0.772
  2  3  -0.171   1.097 193.330 178.085   0.662
  2  4  -0.152   1.126 191.072 176.802   0.575
  2  5  -0.124   1.118 188.796 175.274   0.511
  2  6  -0.099   1.101 186.628 173.631   0.474
  2  7  -0.080   1.090 184.392 171.820   0.424
  2  8  -0.064   1.081 182.180 169.872   0.373
  2  9  -0.054   1.084 180.048 167.901   0.323
  2 10  -0.043   1.073 178.061 166.049   0.284
  2 11  -0.033   1.057 176.260 164.326   0.275
  2 12  -0.018   1.030 174.756 162.900   0.238
  2 13  -0.012   1.025 173.609 161.753   0.202
  2 14  -0.001   0.994 172.796 160.908   0.215
  2 15   0.000   0.997 172.403 160.492   0.070
  2 16   0.001   1.000 172.374 160.449   0.070
  2 17   0.003   0.992 172.809 160.905   0.186
  2 18   0.004   0.986 173.574 161.681   0.236
  2 19  -0.001   0.986 174.736 162.795   0.250
  2 20  -0.009   0.997 176.156 164.193   0.286
  2 21  -0.015   1.002 177.879 165.860   0.320
  2 22  -0.022   0.999 179.797 167.636   0.353
  2 23  -0.025   0.981 181.758 169.465   0.454
  2 24  -0.042   0.992 183.751 171.259   0.491
  2 25  -0.057   0.993 185.957 173.024   0.566
  2 26  -0.079   0.999 188.177 174.615   0.623
  2 27  -0.091   0.967 190.393 176.031   0.743
  2 28  -0.101   0.926 192.720 177.263   0.829
  2 29  -0.118   0.888 195.225 178.356   0.952
  2 30  -0.129   0.822 198.318 179.673   1.153

   3   3 224.862
   3   4   5
  3  1   1.308  -0.463  -0.289 246.882 253.227 240.410   0.524
  3  2   1.249  -0.388  -0.200 244.504 254.553 242.807   0.414
  3  3   1.196  -0.253  -0.222 242.337 255.469 244.763   0.358
  3  4   1.162  -0.132  -0.264 240.255 256.166 246.433   0.313
  3  5   1.126  -0.030  -0.292 238.446 256.766 247.889   0.291
  3  6   1.089   0.028  -0.277 236.755 257.199 249.239   0.295
  3  7   1.063   0.062  -0.255 234.973 257.303 250.194   0.276
  3  8   1.045   0.086  -0.233 232.962 257.165 250.947   0.234
  3  9   1.050  -0.002  -0.110 231.172 256.940 251.559   0.223
  3 10   1.044  -0.045  -0.038 229.560 256.696 252.005   0.211
  3 11   1.042  -0.110   0.052 228.104 256.432 252.417   0.197
  3 12   1.020  -0.053   0.022 226.857 256.196 252.696   0.171
  3 13   0.994   0.049  -0.059 225.956 255.998 252.913   0.137
  3 14   1.000  -0.029   0.028 225.217 255.833 253.073   0.136
  3 15   0.991   0.017  -0.012 224.881 255.770 253.133   0.050
  3 16   1.008  -0.016   0.012 224.843 255.762 253.143   0.050
  3 17   1.010  -0.003  -0.005 225.163 255.822 253.070   0.131
  3 18   1.027  -0.059   0.039 225.813 255.978 252.933   0.158
  3 19   1.047  -0.132   0.094 226.709 256.167 252.713   0.167
  3 20   1.068  -0.190   0.129 227.744 256.396 252.413   0.194
  3 21   1.067  -0.138   0.058 229.161 256.643 252.030   0.220
  3 22   1.069  -0.084  -0.021 230.762 256.883 251.563   0.238
  3 23   1.052   0.072  -0.208 232.590 257.112 250.966   0.259
  3 24   1.070   0.059  -0.244 234.408 257.256 250.202   0.288
  3 25   1.084   0.051  -0.286 236.045 257.226 249.288   0.331
  3 26   1.109  -0.026  -0.264 237.799 256.900 248.046   0.353
  3 27   1.113   0.025  -0.388 239.556 256.262 246.373   0.371
  3 28   1.125   0.014  -0.447 241.149 255.498 244.727   0.415
  3 29   1.163  -0.095  -0.440 243.247 254.379 242.606   0.456
  3 30   1.206  -0.200  -0.463 245.311 252.836 240.083   0.536

   4   3 255.766
   3   4   5
  4  1   0.203   1.284  -0.627 246.882 253.227 240.410   0.288
  4  2   0.159   1.287  -0.558 244.504 254.553 242.807   0.248
  4  3   0.123   1.291  -0.506 242.337 255.469 244.763   0.211
  4  4   0.093   1.298  -0.472 240.255 256.166 246.433   0.185
  4  5   0.065   1.302  -0.441 238.446 256.766 247.889   0.163
  4  6   0.046   1.276  -0.382 236.755 257.199 249.239   0.146
  4  7   0.033   1.229  -0.310 234.973 257.303 250.194   0.128
  4  8   0.025   1.178  -0.237 232.962 257.165 250.947   0.106
  4  9   0.018   1.125  -0.167 231.172 256.940 251.559   0.091
  4 10   0.014   1.090  -0.122 229.560 256.696 252.005   0.082
  4 11   0.012   1.036  -0.056 228.104 256.432 252.417   0.067
  4 12   0.004   1.033  -0.043 226.857 256.196 252.696   0.061
  4 13  -0.001   1.033  -0.038 225.956 255.998 252.913   0.052
  4 14   0.002   0.996   0.002 225.217 255.833 253.073   0.055
  4 15  -0.003   1.009  -0.008 224.881 255.770 253.133   0.024
  4 16   0.003   0.991   0.007 224.843 255.762 253.143   0.025
  4 17   0.003   0.998   0.001 225.163 255.822 253.070   0.058
  4 18   0.007   0.999  -0.004 225.813 255.978 252.933   0.054
  4 19   0.014   1.000  -0.012 226.709 256.167 252.713   0.057
  4 20   0.020   1.003  -0.022 227.744 256.396 252.413   0.071
  4 21   0.020   1.051  -0.078 229.161 256.643 252.030   0.081
  4 22   0.024   1.089  -0.125 230.762 256.883 251.563   0.091
  4 23   0.026   1.171  -0.224 232.590 257.112 250.966   0.103
  4 24   0.040   1.197  -0.273 234.408 257.256 250.202   0.120
  4 25   0.047   1.260  -0.360 236.045 257.226 249.288   0.149
  4 26   0.064   1.290  -0.419 237.799 256.900 248.046   0.171
  4 27   0.085   1.346  -0.518 239.556 256.262 246.373   0.191
  4 28   0.107   1.376  -0.590 241.149 255.498 244.727   0.218
  4 29   0.141   1.374  -0.640 243.247 254.379 242.606   0.255
  4 30   0.183   1.356  -0.686 245.311 252.836 240.083   0.293

   5   3 253.138
   4   5   6
  5  1   0.826   0.179  -0.078 253.227 240.410 225.749   0.124
  5  2   0.687   0.336  -0.076 254.553 242.807 227.806   0.107
  5  3   0.543   0.506  -0.083 255.469 244.763 229.590   0.094
  5  4   0.424   0.640  -0.090 256.166 246.433 231.083   0.086
  5  5   0.320   0.755  -0.098 256.766 247.889 232.412   0.076
  5  6   0.241   0.835  -0.092 257.199 249.239 233.657   0.070
  5  7   0.175   0.893  -0.080 257.303 250.194 234.705   0.060
  5  8   0.131   0.922  -0.061 257.165 250.947 235.566   0.055
  5  9   0.088   0.955  -0.048 256.940 251.559 236.329   0.047
  5 10   0.056   0.982  -0.044 256.696 252.005 236.939   0.045
  5 11   0.037   0.986  -0.026 256.432 252.417 237.446   0.037
  5 12   0.019   0.999  -0.020 256.196 252.696 237.854   0.036
  5 13   0.007   1.006  -0.014 255.998 252.913 238.161   0.038
  5 14   0.004   0.999  -0.003 255.833 253.073 238.370   0.039
  5 15   0.003   0.997   0.000 255.770 253.133 238.454   0.021
  5 16  -0.003   1.003   0.000 255.762 253.143 238.439   0.021
  5 17   0.006   0.993   0.004 255.822 253.070 238.333   0.042
  5 18   0.006   1.000  -0.004 255.978 252.933 238.121   0.037
  5 19   0.021   0.988  -0.007 256.167 252.713 237.802   0.038
  5 20   0.037   0.977  -0.011 256.396 252.413 237.366   0.042
  5 21   0.047   0.984  -0.029 256.643 252.030 236.836   0.046
  5 22   0.076   0.964  -0.038 256.883 251.563 236.232   0.054
  5 23   0.112   0.942  -0.058 257.112 250.966 235.459   0.052
  5 24   0.167   0.894  -0.066 257.256 250.202 234.556   0.057
  5 25   0.217   0.861  -0.089 257.226 249.288 233.454   0.069
  5 26   0.299   0.779  -0.095 256.900 248.046 232.145   0.080
  5 27   0.390   0.693  -0.110 256.262 246.373 230.568   0.084
  5 28   0.492   0.583  -0.114 255.498 244.727 228.896   0.089
  5 29   0.628   0.428  -0.108 254.379 242.606 227.033   0.103
  5 30   0.774   0.260  -0.102 252.836 240.083 224.872   0.125

   6   3 239.737
   5   6   7
  6  1   0.835   0.112   0.045 241.786 226.639 217.979   0.078
  6  2   0.619   0.428  -0.051 244.292 228.760 220.070   0.063
  6  3   0.428   0.702  -0.130 246.359 230.597 221.075   0.057
  6  4   0.286   0.885  -0.169 248.154 232.138 221.975   0.057
  6  5   0.200   0.973  -0.173 249.737 233.508 222.830   0.057
  6  6   0.134   1.030  -0.164 251.215 234.788 223.964   0.051
  6  7   0.092   1.049  -0.141 252.294 235.869 224.810   0.048
  6  8   0.064   1.051  -0.114 253.166 236.756 225.398   0.046
  6  9   0.042   1.048  -0.090 253.882 237.544 225.965   0.038
  6 10   0.027   1.038  -0.067 254.418 238.176 226.511   0.034
  6 11   0.017   1.029  -0.047 254.910 238.701 227.020   0.027
  6 12   0.013   1.012  -0.027 255.249 239.121 227.355   0.028
  6 13   0.008   1.004  -0.013 255.508 239.439 227.566   0.035
  6 14   0.003   1.002  -0.006 255.703 239.656 227.702   0.031
  6 15   0.000   1.001  -0.001 255.784 239.744 227.821   0.017
  6 16   0.000   0.999   0.001 255.797 239.729 227.789   0.017
  6 17   0.003   1.000   0.000 255.707 239.618 227.678   0.028
  6 18   0.005   1.007  -0.011 255.538 239.399 227.442   0.032
  6 19   0.008   1.019  -0.025 255.279 239.071 227.422   0.028
  6 20   0.014   1.032  -0.042 254.925 238.620 226.890   0.027
  6 21   0.025   1.041  -0.061 254.465 238.072 226.385   0.035
  6 22   0.037   1.054  -0.084 253.909 237.447 225.838   0.042
  6 23   0.057   1.060  -0.111 253.213 236.648 225.277   0.048
  6 24   0.090   1.050  -0.133 252.330 235.714 224.581   0.050
  6 25   0.132   1.028  -0.156 251.302 234.581 223.649   0.055
  6 26   0.181   1.002  -0.181 249.940 233.238 222.652   0.057
  6 27   0.277   0.896  -0.171 248.129 231.620 221.407   0.066
  6 28   0.404   0.734  -0.139 246.366 229.902 219.968   0.068
  6 29   0.576   0.500  -0.078 244.122 227.985 218.889   0.070
  6 30   0.783   0.203   0.009 241.488 225.760 217.146   0.076

   7   2 227.805
   6   7
  7  1   0.988   0.010 226.639 217.979   0.088
  7  2   0.815   0.182 228.760 220.070   0.071
  7  3   0.677   0.325 230.597 221.075   0.059
  7  4   0.557   0.443 232.138 221.975   0.045
  7  5   0.457   0.541 233.508 222.830   0.039
  7  6   0.366   0.634 234.788 223.964   0.037
  7  7   0.288   0.712 235.869 224.810   0.039
  7  8   0.225   0.772 236.756 225.398   0.037
  7  9   0.167   0.834 237.544 225.965   0.037
  7 10   0.120   0.879 238.176 226.511   0.030
  7 11   0.076   0.925 238.701 227.020   0.030
  7 12   0.047   0.951 239.121 227.355   0.026
  7 13   0.023   0.979 239.439 227.566   0.029
  7 14   0.008   0.992 239.656 227.702   0.024
  7 15   0.002   0.997 239.744 227.821   0.015
  7 16  -0.002   1.003 239.729 227.789   0.015
  7 17   0.007   0.996 239.618 227.678   0.024
  7 18   0.022   0.979 239.399 227.442   0.028
  7 19   0.039   0.962 239.071 227.422   0.029
  7 20   0.077   0.920 238.620 226.890   0.039
  7 21   0.116   0.883 238.072 226.385   0.044
  7 22   0.161   0.839 237.447 225.838   0.052
  7 23   0.216   0.787 236.648 225.277   0.057
  7 24   0.285   0.710 235.714 224.581   0.064
  7 25   0.359   0.634 234.581 223.649   0.065
  7 26   0.442   0.557 233.238 222.652   0.071
  7 27   0.542   0.456 231.620 221.407   0.083
  7 28   0.658   0.340 229.902 219.968   0.091
  7 29   0.795   0.206 227.985 218.889   0.095
  7 30   0.972   0.033 225.760 217.146   0.094

   8   2 218.907
   7   9
  8  1   0.939   0.024 217.979 213.095   0.136
  8  2   0.719   0.206 220.070 212.761   0.175
  8  3   0.641   0.279 221.075 212.476   0.184
  8  4   0.591   0.324 221.975 212.184   0.187
  8  5   0.560   0.355 222.830 212.104   0.186
  8  6   0.538   0.380 223.964 212.101   0.188
  8  7   0.521   0.399 224.810 212.053   0.186
  8  8   0.509   0.412 225.398 211.997   0.182
  8  9   0.502   0.424 225.965 212.001   0.181
  8 10   0.492   0.433 226.511 212.005   0.180
  8 11   0.484   0.442 227.020 212.004   0.179
  8 12   0.479   0.448 227.355 212.004   0.177
  8 13   0.476   0.452 227.566 212.001   0.179
  8 14   0.474   0.455 227.702 211.985   0.179
  8 15   0.473   0.456 227.821 211.980   0.177
  8 16   0.472   0.457 227.789 211.967   0.178
  8 17   0.475   0.455 227.678 211.934   0.180
  8 18   0.475   0.453 227.442 211.883   0.184
  8 19   0.476   0.450 227.422 211.872   0.187
  8 20   0.480   0.443 226.890 211.816   0.189
  8 21   0.486   0.435 226.385 211.768   0.193
  8 22   0.496   0.426 225.838 211.750   0.196
  8 23   0.506   0.415 225.277 211.735   0.199
  8 24   0.513   0.400 224.581 211.707   0.202
  8 25   0.526   0.383 223.649 211.703   0.201
  8 26   0.550   0.363 222.652 211.686   0.203
  8 27   0.578   0.333 221.407 211.561   0.205
  8 28   0.621   0.290 219.968 211.564   0.202
  8 29   0.703   0.221 218.889 211.758   0.188
  8 30   0.908   0.057 217.146 212.018   0.146

   9   2 211.973
   9  10
  9  1   1.361  -0.389 213.095 218.417   0.199
  9  2   1.273  -0.302 212.761 217.813   0.182
  9  3   1.205  -0.231 212.476 217.323   0.150
  9  4   1.156  -0.180 212.184 216.856   0.135
  9  5   1.119  -0.140 212.104 216.593   0.112
  9  6   1.089  -0.108 212.101 216.389   0.098
  9  7   1.066  -0.081 212.053 216.191   0.083
  9  8   1.045  -0.057 211.997 216.017   0.065
  9  9   1.031  -0.039 212.001 215.888   0.060
  9 10   1.019  -0.026 212.005 215.782   0.052
  9 11   1.014  -0.020 212.004 215.675   0.045
  9 12   1.007  -0.010 212.004 215.608   0.045
  9 13   1.004  -0.006 212.001 215.560   0.042
  9 14   1.002  -0.002 211.985 215.524   0.040
  9 15   0.999   0.002 211.980 215.497   0.019
  9 16   1.001  -0.002 211.967 215.482   0.019
  9 17   1.000   0.000 211.934 215.462   0.036
  9 18   1.006  -0.008 211.883 215.462   0.046
  9 19   1.012  -0.016 211.872 215.476   0.049
  9 20   1.018  -0.024 211.816 215.505   0.054
  9 21   1.028  -0.037 211.768 215.545   0.070
  9 22   1.037  -0.048 211.750 215.634   0.077
  9 23   1.050  -0.062 211.735 215.732   0.086
  9 24   1.068  -0.085 211.707 215.864   0.097
  9 25   1.092  -0.113 211.703 216.010   0.101
  9 26   1.120  -0.142 211.686 216.157   0.115
  9 27   1.155  -0.179 211.561 216.234   0.133
  9 28   1.203  -0.230 211.564 216.480   0.151
  9 29   1.265  -0.292 211.758 216.829   0.172
  9 30   1.354  -0.379 212.018 217.347   0.206

  10   3 215.490
   9  10  11
 10  1   0.576   0.440  -0.023 213.095 218.417 225.695   0.096
 10  2   0.469   0.553  -0.029 212.761 217.813 225.004   0.082
 10  3   0.389   0.628  -0.022 212.476 217.323 224.431   0.071
 10  4   0.317   0.702  -0.023 212.184 216.856 223.885   0.064
 10  5   0.263   0.750  -0.017 212.104 216.593 223.537   0.060
 10  6   0.216   0.792  -0.011 212.101 216.389 223.263   0.055
 10  7   0.174   0.828  -0.006 212.053 216.191 222.997   0.049
 10  8   0.133   0.870  -0.005 211.997 216.017 222.766   0.038
 10  9   0.101   0.900  -0.002 212.001 215.888 222.573   0.038
 10 10   0.067   0.937  -0.004 212.005 215.782 222.409   0.034
 10 11   0.050   0.949   0.000 212.004 215.675 222.265   0.033
 10 12   0.029   0.971   0.000 212.004 215.608 222.165   0.035
 10 13   0.017   0.981   0.001 212.001 215.560 222.092   0.037
 10 14   0.010   0.987   0.003 211.985 215.524 222.038   0.032
 10 15  -0.003   1.004  -0.001 211.980 215.497 222.007   0.014
 10 16   0.003   0.995   0.002 211.967 215.482 221.985   0.014
 10 17   0.007   0.992   0.001 211.934 215.462 221.977   0.032
 10 18   0.023   0.971   0.005 211.883 215.462 221.995   0.035
 10 19   0.042   0.948   0.008 211.872 215.476 222.044   0.045
 10 20   0.063   0.927   0.009 211.816 215.505 222.116   0.043
 10 21   0.084   0.909   0.005 211.768 215.545 222.196   0.055
 10 22   0.113   0.879   0.005 211.750 215.634 222.329   0.050
 10 23   0.146   0.844   0.006 211.735 215.732 222.497   0.062
 10 24   0.180   0.816   0.000 211.707 215.864 222.691   0.061
 10 25   0.234   0.753   0.007 211.703 216.010 222.908   0.082
 10 26   0.282   0.707   0.006 211.686 216.157 223.115   0.095
 10 27   0.332   0.666  -0.003 211.561 216.234 223.257   0.086
 10 28   0.401   0.596  -0.002 211.564 216.480 223.561   0.088
 10 29   0.479   0.518  -0.004 211.758 216.829 224.000   0.093
 10 30   0.586   0.405   0.000 212.018 217.347 224.601   0.100

  11   3 221.996
  10  11  12
 11  1   0.546   0.386   0.060 218.417 225.695 234.868   0.189
 11  2   0.434   0.538   0.022 217.813 225.004 234.061   0.162
 11  3   0.344   0.654  -0.002 217.323 224.431 233.378   0.124
 11  4   0.275   0.736  -0.014 216.856 223.885 232.751   0.099
 11  5   0.221   0.790  -0.015 216.593 223.537 232.319   0.087
 11  6   0.171   0.847  -0.021 216.389 223.263 231.975   0.072
 11  7   0.131   0.888  -0.021 216.191 222.997 231.656   0.052
 11  8   0.100   0.917  -0.017 216.017 222.766 231.369   0.046
 11  9   0.070   0.951  -0.020 215.888 222.573 231.143   0.049
 11 10   0.046   0.974  -0.019 215.782 222.409 230.944   0.052
 11 11   0.032   0.979  -0.011 215.675 222.265 230.773   0.050
 11 12   0.019   0.989  -0.008 215.608 222.165 230.647   0.057
 11 13   0.009   0.997  -0.006 215.560 222.092 230.555   0.050
 11 14   0.001   1.004  -0.005 215.524 222.038 230.492   0.027
 11 15  -0.002   1.006  -0.003 215.497 222.007 230.456   0.011
 11 16   0.002   0.994   0.003 215.482 221.985 230.432   0.011
 11 17   0.007   0.988   0.004 215.462 221.977 230.433   0.035
 11 18   0.016   0.978   0.005 215.462 221.995 230.461   0.043
 11 19   0.029   0.957   0.011 215.476 222.044 230.534   0.078
 11 20   0.048   0.930   0.018 215.505 222.116 230.632   0.097
 11 21   0.066   0.918   0.012 215.545 222.196 230.745   0.094
 11 22   0.088   0.895   0.013 215.634 222.329 230.907   0.113
 11 23   0.117   0.860   0.018 215.732 222.497 231.119   0.146
 11 24   0.147   0.836   0.012 215.864 222.691 231.373   0.144
 11 25   0.190   0.780   0.023 216.010 222.908 231.641   0.185
 11 26   0.236   0.725   0.031 216.157 223.115 231.918   0.224
 11 27   0.283   0.694   0.018 216.234 223.257 232.117   0.212
 11 28   0.345   0.630   0.019 216.480 223.561 232.498   0.220
 11 29   0.426   0.539   0.030 216.829 224.000 233.051   0.224
 11 30   0.533   0.408   0.051 217.347 224.601 233.790   0.205

  12   3 230.444
  11  12  13
 12  1   0.360   0.528   0.099 225.695 234.868 245.516   0.203
 12  2   0.297   0.599   0.091 225.004 234.061 244.629   0.177
 12  3   0.254   0.672   0.063 224.431 233.378 243.869   0.124
 12  4   0.210   0.731   0.051 223.885 232.751 243.175   0.105
 12  5   0.174   0.775   0.043 223.537 232.319 242.670   0.090
 12  6   0.140   0.824   0.031 223.263 231.975 242.280   0.080
 12  7   0.111   0.881   0.005 222.997 231.656 241.901   0.055
 12  8   0.087   0.914  -0.003 222.766 231.369 241.564   0.051
 12  9   0.066   0.937  -0.003 222.573 231.143 241.304   0.045
 12 10   0.046   0.974  -0.019 222.409 230.944 241.068   0.052
 12 11   0.032   0.981  -0.011 222.265 230.773 240.880   0.050
 12 12   0.019   1.001  -0.018 222.165 230.647 240.726   0.067
 12 13   0.008   1.003  -0.010 222.092 230.555 240.624   0.052
 12 14   0.002   0.999   0.000 222.038 230.492 240.544   0.042
 12 15   0.000   1.001   0.000 222.007 230.456 240.500   0.019
 12 16   0.000   1.001  -0.001 221.985 230.432 240.480   0.019
 12 17   0.004   0.979   0.014 221.977 230.433 240.489   0.042
 12 18   0.011   0.953   0.033 221.995 230.461 240.532   0.070
 12 19   0.017   0.914   0.062 222.044 230.534 240.617   0.097
 12 20   0.028   0.876   0.087 222.116 230.632 240.737   0.115
 12 21   0.042   0.870   0.078 222.196 230.745 240.882   0.107
 12 22   0.057   0.842   0.090 222.329 230.907 241.081   0.132
 12 23   0.075   0.793   0.119 222.497 231.119 241.340   0.157
 12 24   0.098   0.792   0.097 222.691 231.373 241.642   0.157
 12 25   0.119   0.742   0.123 222.908 231.641 241.964   0.192
 12 26   0.145   0.691   0.146 223.115 231.918 242.292   0.223
 12 27   0.190   0.695   0.101 223.257 232.117 242.549   0.214
 12 28   0.234   0.676   0.077 223.561 232.498 243.005   0.235
 12 29   0.290   0.628   0.069 224.000 233.051 243.639   0.243
 12 30   0.371   0.567   0.048 224.601 233.790 244.473   0.225

  13   2 240.490
  12  13
 13  1   0.444   0.569 234.868 245.516   0.194
 13  2   0.349   0.662 234.061 244.629   0.185
 13  3   0.276   0.732 233.378 243.869   0.136
 13  4   0.205   0.802 232.751 243.175   0.138
 13  5   0.157   0.847 232.319 242.670   0.118
 13  6   0.114   0.890 231.975 242.280   0.115
 13  7   0.097   0.908 231.656 241.901   0.088
 13  8   0.076   0.927 231.369 241.564   0.074
 13  9   0.028   0.972 231.143 241.304   0.062
 13 10   0.047   0.956 230.944 241.068   0.058
 13 11   0.030   0.973 230.773 240.880   0.050
 13 12   0.028   0.975 230.647 240.726   0.071
 13 13   0.004   0.998 230.555 240.624   0.085
 13 14  -0.006   1.006 230.492 240.544   0.076
 13 15  -0.009   1.008 230.456 240.500   0.036
 13 16   0.014   0.987 230.432 240.480   0.035
 13 17  -0.019   1.016 230.433 240.489   0.058
 13 18  -0.029   1.025 230.461 240.532   0.115
 13 19  -0.053   1.046 230.534 240.617   0.109
 13 20  -0.053   1.047 230.632 240.737   0.103
 13 21  -0.038   1.031 230.745 240.882   0.104
 13 22  -0.032   1.025 230.907 241.081   0.128
 13 23  -0.017   1.011 231.119 241.340   0.126
 13 24   0.040   0.957 231.373 241.642   0.141
 13 25   0.081   0.918 231.641 241.964   0.170
 13 26   0.142   0.861 231.918 242.292   0.179
 13 27   0.255   0.752 232.117 242.549   0.169
 13 28   0.343   0.667 232.498 243.005   0.200
 13 29   0.437   0.574 233.051 243.639   0.204
 13 30   0.540   0.468 233.790 244.473   0.187

  14   3 250.794
  12  13  14
 14  1  -0.070   0.608   0.469 234.868 245.516 254.295   0.172
 14  2  -0.108   0.569   0.542 234.061 244.629 253.811   0.166
 14  3  -0.056   0.421   0.642 233.378 243.869 253.334   0.124
 14  4  -0.053   0.353   0.708 232.751 243.175 252.846   0.151
 14  5  -0.008   0.239   0.780 232.319 242.670 252.498   0.127
 14  6  -0.029   0.224   0.814 231.975 242.280 252.221   0.154
 14  7  -0.008   0.157   0.860 231.656 241.901 251.935   0.118
 14  8  -0.003   0.112   0.899 231.369 241.564 251.670   0.094
 14  9  -0.031   0.103   0.933 231.143 241.304 251.459   0.094
 14 10  -0.009   0.063   0.951 230.944 241.068 251.278   0.089
 14 11   0.013   0.022   0.972 230.773 240.880 251.123   0.076
 14 12   0.029  -0.008   0.985 230.647 240.726 250.997   0.091
 14 13  -0.018   0.023   0.997 230.555 240.624 250.911   0.123
 14 14  -0.019   0.018   1.002 230.492 240.544 250.838   0.112
 14 15  -0.004  -0.001   1.006 230.456 240.500 250.808   0.051
 14 16   0.010  -0.003   0.993 230.432 240.480 250.779   0.051
 14 17  -0.033   0.037   0.993 230.433 240.489 250.798   0.074
 14 18  -0.048   0.060   0.984 230.461 240.532 250.830   0.150
 14 19  -0.058   0.092   0.960 230.534 240.617 250.887   0.113
 14 20  -0.066   0.122   0.936 230.632 240.737 250.996   0.078
 14 21  -0.063   0.143   0.912 230.745 240.882 251.108   0.096
 14 22  -0.084   0.195   0.881 230.907 241.081 251.277   0.108
 14 23  -0.073   0.221   0.844 231.119 241.340 251.473   0.088
 14 24  -0.060   0.246   0.808 231.373 241.642 251.711   0.110
 14 25  -0.063   0.299   0.759 231.641 241.964 251.947   0.119
 14 26  -0.002   0.276   0.727 231.918 242.292 252.150   0.116
 14 27   0.058   0.256   0.692 232.117 242.549 252.274   0.114
 14 28   0.061   0.317   0.628 232.498 243.005 252.529   0.138
 14 29   0.121   0.313   0.577 233.051 243.639 252.902   0.133
 14 30   0.128   0.384   0.494 233.790 244.473 253.369   0.136

  15   2 228.801
   2  15
 15  1   0.690   0.432 180.651 247.635   0.999
 15  2   0.646   0.521 179.277 245.937   0.700
 15  3   0.604   0.596 178.085 244.458   0.524
 15  4   0.556   0.665 176.802 243.035   0.484
 15  5   0.474   0.738 175.274 241.593   0.497
 15  6   0.398   0.798 173.631 240.109   0.556
 15  7   0.331   0.844 171.820 238.527   0.557
 15  8   0.279   0.878 169.872 236.861   0.494
 15  9   0.215   0.912 167.901 235.180   0.429
 15 10   0.159   0.938 166.049 233.603   0.411
 15 11   0.099   0.961 164.326 232.148   0.422
 15 12   0.055   0.980 162.900 230.900   0.347
 15 13   0.031   0.990 161.753 229.903   0.273
 15 14   0.005   0.997 160.908 229.175   0.282
 15 15  -0.008   1.002 160.492 228.818   0.107
 15 16   0.007   0.998 160.449 228.785   0.107
 15 17   0.008   1.002 160.905 229.175   0.263
 15 18   0.003   1.006 161.681 229.828   0.318
 15 19   0.031   0.995 162.795 230.760   0.379
 15 20   0.057   0.986 164.193 232.006   0.461
 15 21   0.098   0.970 165.860 233.480   0.506
 15 22   0.132   0.957 167.636 235.160   0.505
 15 23   0.182   0.935 169.465 236.981   0.526
 15 24   0.254   0.894 171.259 238.744   0.587
 15 25   0.327   0.846 173.024 240.519   0.634
 15 26   0.403   0.789 174.615 242.183   0.633
 15 27   0.479   0.721 176.031 243.763   0.690
 15 28   0.515   0.665 177.263 245.318   0.781
 15 29   0.562   0.589 178.356 246.842   0.903
 15 30   0.599   0.503 179.673 248.500   1.150
