
   9    5.00   605
   4  10  11  12  13
  -8.4276   0.2361  -1.0361   1.5563   0.2752   2.9406

  10    7.00  1341
   4  10  11  12  13
  -1.9931  -0.0138  -0.6339   1.8496  -0.1975   2.4599

  11   10.00  2172
   4  10  11  12  13
   7.3900  -0.3566   0.1903   1.6297  -0.4970   2.1397

  12   15.00  2827
   4  10  11  12  13
   9.1344  -0.6161   1.3507   0.6007  -0.3741   1.9332

  13   20.00  3495
   4  10  11  12  13
   5.9860  -0.6003   1.9753  -0.2545  -0.1443   1.8435

  14   25.00  3969
   4   9  10  11  12
  16.3099  -0.5710   0.5906   1.4478  -0.5391   1.7675

  15   30.00  4673
   4   9  10  11  12
  19.6366  -0.7003   1.1221   0.9884  -0.4962   1.8525

  16   50.00  5112
   4   9  10  11  12
   8.4179  -0.2883   1.8011  -0.4927  -0.0559   1.8048

  17   60.00  5229
   4   8   9  10  11
  23.0417  -0.3113   0.6173   1.0734  -0.4782   1.7194

  18   70.00  5357
   4   8   9  10  11
  33.4762  -0.5552   1.4538   0.2999  -0.3416   1.7752

  19   85.00  5444
   4   8   9  10  11
  44.7523  -0.7970   2.4175  -0.7059  -0.1060   1.7630

  20  100.00  5669
   4   8   9  10  11
  38.2418  -0.6265   2.7014  -1.3221   0.0830   1.7698

  21  115.00  5669
   4   8   9  10  11
  15.7410  -0.1459   2.4144  -1.4968   0.1612   1.7024

  22  135.00  5669
   5   7   8   9  10  11
  21.1702  -0.7332   1.4232   1.2258  -1.1909   0.1887   1.6909

  23  150.00  5669
   5   7   8   9  10  11
  -2.0812  -0.9291   2.2321   0.5750  -1.0697   0.2091   1.7256

  24  200.00  5669
   6   6   7   8   9  10  11
 -58.8387  -1.3055   0.8735   3.6687  -1.9941  -0.2322   0.2783   2.1604

  25  250.00  5669
   6   6   7   8   9  10  11
 -53.7627  -0.7865   1.4035   2.3120  -2.1408   0.1938   0.2492   2.1165

  26  300.00  5669
   6   6   7   8   9  10  11
  -4.5858   0.1910   1.4521   0.1152  -1.2423   0.4195   0.0468   2.0163

  27  350.00  5669
   6   6   7   8   9  10  11
  20.3911   0.9213   1.2066  -1.1139  -0.4601   0.3551  -0.0409   1.8542

  28  400.00  5669
   6   6   7   8   9  10  11
  23.4937   1.4350   0.9271  -1.7272   0.0185   0.3260  -0.1155   1.7657

  29  430.00  5669
   6   6   7   8   9  10  11
  22.9997   1.6913   0.6949  -1.8896   0.2414   0.2615  -0.1252   1.7073

  30  475.00  5669
   6   6   7   8   9  10  11
  21.1714   1.9886   0.4045  -2.0294   0.4907   0.1704  -0.1290   1.6610

  31  500.00  5669
   6   6   7   8   9  10  11
  20.9973   2.1298   0.2409  -2.0617   0.6105   0.1027  -0.1178   1.6625

  32  570.00  5669
   6   6   7   8   9  10  11
  18.0063   2.4894  -0.2209  -2.0584   0.8589  -0.0227  -0.1089   1.6914

  33  620.00  5669
   6   6   7   8   9  10  11
  13.0771   2.6807  -0.4809  -2.0042   0.9611  -0.0906  -0.0936   1.8044

  34  670.00  5669
   6   6   7   8   9  10  11
   6.0079   2.8389  -0.7048  -1.9066   1.0404  -0.1973  -0.0545   1.9653

  35  700.00  5668
   6   6   7   8   9  10  11
   0.7640   2.9582  -0.8739  -1.8376   1.0942  -0.2681  -0.0279   2.0927

  36  780.00  5667
   7   5   6   7   8   9  10  11
 -11.3433   1.0183   1.1979  -0.5792  -1.0868   0.7592  -0.2142   0.0005   2.4014

  37  850.00  2791
   7   5   6   7   8   9  10  11
 -16.6556   1.5599   0.2973  -0.6769  -0.3898   0.4822  -0.1847   0.0347   2.7662

  38  920.00  2607
   7   5   6   7   8   9  10  11
 -66.3508   2.0598  -0.6221  -0.6587   0.5087   0.1879  -0.3155   0.1938   3.0620

  39  950.00  2476
   7   5   6   7   8   9  10  11
 -81.9009   2.1199  -0.8105  -0.5785   0.7254   0.0670  -0.3359   0.2442   3.2019

  40 1000.00  1846
   7   5   6   7   8   9  10  11
-132.5094   2.1919  -0.9507  -0.4541   1.0632  -0.0054  -0.5325   0.3518   3.4832
