
   1   2 172.838
   1   2
  1  1   0.442   0.671 198.849 176.572   1.453
  1  2   0.528   0.617 195.933 175.756   1.072
  1  3   0.619   0.526 193.553 175.294   0.830
  1  4   0.698   0.439 191.123 174.373   0.661
  1  5   0.764   0.363 188.943 173.279   0.591
  1  6   0.823   0.275 186.591 171.899   0.497
  1  7   0.865   0.215 184.340 170.448   0.477
  1  8   0.888   0.188 182.250 168.902   0.446
  1  9   0.919   0.135 180.146 167.150   0.457
  1 10   0.941   0.093 178.251 165.577   0.415
  1 11   0.957   0.074 176.543 163.983   0.365
  1 12   0.970   0.046 175.103 162.629   0.310
  1 13   0.987   0.008 173.979 161.599   0.282
  1 14   0.995  -0.003 173.210 160.798   0.224
  1 15   0.999   0.000 172.815 160.382   0.110
  1 16   1.002  -0.006 172.860 160.420   0.110
  1 17   1.000   0.001 173.375 160.966   0.217
  1 18   1.003  -0.010 174.228 161.896   0.286
  1 19   0.998  -0.004 175.250 162.924   0.298
  1 20   0.980   0.035 176.703 164.381   0.335
  1 21   0.971   0.044 178.316 166.070   0.332
  1 22   0.951   0.078 180.068 167.840   0.294
  1 23   0.922   0.128 182.041 169.772   0.416
  1 24   0.882   0.194 184.152 171.981   0.447
  1 25   0.833   0.270 186.177 173.816   0.460
  1 26   0.775   0.356 188.332 175.584   0.561
  1 27   0.710   0.426 190.509 177.266   0.684
  1 28   0.650   0.464 192.736 178.691   0.897
  1 29   0.552   0.584 195.254 180.147   1.075
  1 30   0.482   0.599 198.393 181.815   1.560

   2   2 160.401
   1   2
  2  1  -0.214   1.001 198.849 176.572   1.025
  2  2  -0.198   1.061 195.933 175.756   0.804
  2  3  -0.171   1.084 193.553 175.294   0.667
  2  4  -0.147   1.099 191.123 174.373   0.529
  2  5  -0.122   1.103 188.943 173.279   0.496
  2  6  -0.097   1.084 186.591 171.899   0.408
  2  7  -0.082   1.088 184.340 170.448   0.365
  2  8  -0.075   1.097 182.250 168.902   0.340
  2  9  -0.059   1.079 180.146 167.150   0.326
  2 10  -0.045   1.059 178.251 165.577   0.306
  2 11  -0.033   1.045 176.543 163.983   0.273
  2 12  -0.021   1.025 175.103 162.629   0.230
  2 13  -0.010   1.002 173.979 161.599   0.240
  2 14  -0.005   0.999 173.210 160.798   0.186
  2 15  -0.001   1.001 172.815 160.382   0.102
  2 16   0.003   0.992 172.860 160.420   0.102
  2 17   0.001   0.995 173.375 160.966   0.184
  2 18   0.004   0.985 174.228 161.896   0.241
  2 19   0.002   0.983 175.250 162.924   0.242
  2 20  -0.011   1.009 176.703 164.381   0.253
  2 21  -0.014   1.000 178.316 166.070   0.284
  2 22  -0.022   1.005 180.068 167.840   0.294
  2 23  -0.037   1.025 182.041 169.772   0.422
  2 24  -0.059   1.057 184.152 171.981   0.464
  2 25  -0.087   1.093 186.177 173.816   0.459
  2 26  -0.114   1.120 188.332 175.584   0.530
  2 27  -0.138   1.113 190.509 177.266   0.624
  2 28  -0.150   1.065 192.736 178.691   0.779
  2 29  -0.185   1.071 195.254 180.147   0.879
  2 30  -0.192   0.989 198.393 181.815   1.157

   3   3 225.655
   3   4   5
  3  1   1.247  -0.375  -0.342 247.375 254.160 241.701   0.588
  3  2   1.192  -0.233  -0.345 245.732 255.369 243.892   0.505
  3  3   1.141  -0.156  -0.290 243.720 256.249 245.779   0.469
  3  4   1.115  -0.110  -0.248 241.670 256.840 247.349   0.403
  3  5   1.105  -0.111  -0.178 239.546 257.305 248.822   0.386
  3  6   1.082  -0.126  -0.091 237.511 257.530 249.975   0.355
  3  7   1.065  -0.118  -0.048 235.339 257.499 250.853   0.319
  3  8   1.065  -0.178   0.045 233.351 257.320 251.538   0.295
  3  9   1.061  -0.213   0.113 231.725 257.118 252.105   0.267
  3 10   1.037  -0.152   0.083 230.082 256.887 252.548   0.237
  3 11   1.025  -0.118   0.072 228.431 256.609 252.914   0.214
  3 12   1.015  -0.132   0.107 227.277 256.375 253.202   0.175
  3 13   1.016  -0.140   0.126 225.626 256.115 253.390   0.155
  3 14   1.006  -0.079   0.074 225.431 256.031 253.544   0.120
  3 15   1.003  -0.019   0.019 225.789 255.998 253.615   0.065
  3 16   0.995   0.023  -0.020 225.522 255.988 253.619   0.065
  3 17   0.984   0.104  -0.103 225.715 256.057 253.553   0.111
  3 18   0.988   0.130  -0.138 226.368 256.200 253.396   0.131
  3 19   1.003   0.096  -0.119 227.002 256.400 253.185   0.161
  3 20   1.045  -0.029  -0.028 228.069 256.640 252.871   0.174
  3 21   1.046  -0.020  -0.054 229.731 256.915 252.482   0.189
  3 22   1.039   0.080  -0.182 231.475 257.166 252.011   0.190
  3 23   1.067   0.016  -0.160 232.603 257.324 251.428   0.268
  3 24   1.091   0.013  -0.212 233.905 257.410 250.679   0.274
  3 25   1.110   0.009  -0.268 236.457 257.483 249.745   0.273
  3 26   1.143  -0.089  -0.235 237.989 257.159 248.512   0.317
  3 27   1.145  -0.094  -0.295 239.095 256.450 246.909   0.350
  3 28   1.137  -0.073  -0.384 241.482 255.799 245.260   0.424
  3 29   1.179  -0.180  -0.390 243.834 254.741 243.206   0.459
  3 30   1.203  -0.218  -0.490 246.178 253.153 240.625   0.573

   4   3 255.993
   3   4   5
  4  1   0.185   1.319  -0.671 247.375 254.160 241.701   0.293
  4  2   0.142   1.330  -0.609 245.732 255.369 243.892   0.255
  4  3   0.104   1.315  -0.527 243.720 256.249 245.779   0.221
  4  4   0.078   1.276  -0.437 241.670 256.840 247.349   0.187
  4  5   0.064   1.217  -0.342 239.546 257.305 248.822   0.161
  4  6   0.044   1.186  -0.278 237.511 257.530 249.975   0.138
  4  7   0.035   1.132  -0.199 235.339 257.499 250.853   0.115
  4  8   0.031   1.073  -0.125 233.351 257.320 251.538   0.097
  4  9   0.025   1.030  -0.066 231.725 257.118 252.105   0.086
  4 10   0.014   1.028  -0.053 230.082 256.887 252.548   0.075
  4 11   0.012   1.002  -0.019 228.431 256.609 252.914   0.066
  4 12   0.013   0.959   0.031 227.277 256.375 253.202   0.062
  4 13   0.006   0.979   0.016 225.626 256.115 253.390   0.043
  4 14   0.001   1.001  -0.003 225.431 256.031 253.544   0.037
  4 15   0.000   0.999   0.000 225.789 255.998 253.615   0.019
  4 16  -0.001   1.001  -0.001 225.522 255.988 253.619   0.019
  4 17  -0.007   1.059  -0.058 225.715 256.057 253.553   0.034
  4 18  -0.008   1.088  -0.089 226.368 256.200 253.396   0.047
  4 19  -0.004   1.105  -0.113 227.002 256.400 253.185   0.059
  4 20   0.010   1.080  -0.100 228.069 256.640 252.871   0.059
  4 21   0.014   1.108  -0.135 229.731 256.915 252.482   0.067
  4 22   0.018   1.142  -0.182 231.475 257.166 252.011   0.075
  4 23   0.029   1.161  -0.217 232.603 257.324 251.428   0.101
  4 24   0.039   1.203  -0.280 233.905 257.410 250.679   0.115
  4 25   0.050   1.246  -0.350 236.457 257.483 249.745   0.141
  4 26   0.069   1.260  -0.395 237.989 257.159 248.512   0.163
  4 27   0.089   1.279  -0.449 239.095 256.450 246.909   0.184
  4 28   0.110   1.314  -0.528 241.482 255.799 245.260   0.216
  4 29   0.147   1.312  -0.586 243.834 254.741 243.206   0.247
  4 30   0.180   1.348  -0.694 246.178 253.153 240.625   0.278

   5   3 253.617
   4   5   6
  5  1   0.859   0.103  -0.041 254.160 241.701 226.617   0.110
  5  2   0.731   0.250  -0.036 255.369 243.892 228.581   0.092
  5  3   0.569   0.447  -0.049 256.249 245.779 230.280   0.079
  5  4   0.433   0.603  -0.054 256.840 247.349 231.693   0.072
  5  5   0.337   0.701  -0.047 257.305 248.822 232.992   0.060
  5  6   0.245   0.800  -0.050 257.530 249.975 234.140   0.056
  5  7   0.176   0.864  -0.038 257.499 250.853 235.118   0.055
  5  8   0.118   0.917  -0.034 257.320 251.538 235.956   0.052
  5  9   0.074   0.954  -0.025 257.118 252.105 236.700   0.053
  5 10   0.050   0.973  -0.022 256.887 252.548 237.305   0.051
  5 11   0.036   0.974  -0.006 256.609 252.914 237.805   0.047
  5 12   0.016   0.984   0.005 256.375 253.202 238.203   0.047
  5 13   0.002   1.003  -0.004 256.115 253.390 238.464   0.033
  5 14   0.001   1.003  -0.006 256.031 253.544 238.665   0.028
  5 15   0.000   1.001  -0.002 255.998 253.615 238.762   0.011
  5 16   0.000   0.999   0.001 255.988 253.619 238.742   0.011
  5 17   0.005   1.005  -0.013 256.057 253.553 238.623   0.024
  5 18   0.010   1.006  -0.018 256.200 253.396 238.423   0.029
  5 19   0.026   0.997  -0.026 256.400 253.185 238.100   0.035
  5 20   0.042   0.983  -0.026 256.640 252.871 237.677   0.034
  5 21   0.080   0.946  -0.026 256.915 252.482 237.157   0.039
  5 22   0.103   0.932  -0.035 257.166 252.011 236.533   0.039
  5 23   0.135   0.908  -0.044 257.324 251.428 235.761   0.045
  5 24   0.183   0.870  -0.056 257.410 250.679 234.856   0.052
  5 25   0.245   0.813  -0.065 257.483 249.745 233.813   0.065
  5 26   0.319   0.740  -0.072 257.159 248.512 232.466   0.065
  5 27   0.437   0.603  -0.058 256.450 246.909 230.817   0.071
  5 28   0.551   0.475  -0.057 255.799 245.260 229.237   0.081
  5 29   0.679   0.328  -0.055 254.741 243.206 227.400   0.098
  5 30   0.862   0.108  -0.044 253.153 240.625 225.292   0.103

   6   2 239.862
   5   6
  6  1   0.753   0.245 242.953 227.274   0.054
  6  2   0.639   0.358 245.254 229.312   0.059
  6  3   0.533   0.462 247.263 231.072   0.077
  6  4   0.441   0.553 248.954 232.539   0.095
  6  5   0.357   0.638 250.557 233.887   0.111
  6  6   0.284   0.712 251.832 235.075   0.115
  6  7   0.220   0.779 252.827 236.089   0.112
  6  8   0.165   0.835 253.620 236.959   0.100
  6  9   0.119   0.882 254.284 237.727   0.084
  6 10   0.082   0.919 254.812 238.358   0.067
  6 11   0.054   0.945 255.244 238.876   0.053
  6 12   0.031   0.970 255.593 239.290   0.038
  6 13   0.016   0.984 255.820 239.563   0.030
  6 14   0.005   0.994 255.999 239.773   0.023
  6 15   0.000   1.000 256.080 239.872   0.010
  6 16   0.000   1.000 256.084 239.852   0.010
  6 17   0.007   0.993 256.000 239.726   0.022
  6 18   0.016   0.984 255.812 239.518   0.025
  6 19   0.032   0.969 255.556 239.186   0.041
  6 20   0.055   0.946 255.183 238.747   0.053
  6 21   0.085   0.916 254.719 238.206   0.066
  6 22   0.123   0.877 254.160 237.559   0.081
  6 23   0.168   0.832 253.480 236.763   0.098
  6 24   0.224   0.774 252.618 235.827   0.108
  6 25   0.289   0.707 251.568 234.751   0.111
  6 26   0.360   0.635 250.209 233.365   0.102
  6 27   0.442   0.555 248.480 231.667   0.086
  6 28   0.532   0.463 246.711 230.036   0.066
  6 29   0.636   0.363 244.543 228.139   0.047
  6 30   0.761   0.243 241.840 225.951   0.061

   7   2 227.915
   6   8
  7  1   0.979   0.034 227.274 213.386   0.088
  7  2   0.894   0.117 229.312 214.022   0.057
  7  3   0.823   0.185 231.072 214.724   0.054
  7  4   0.765   0.238 232.539 215.409   0.056
  7  5   0.720   0.282 233.887 216.204   0.060
  7  6   0.679   0.319 235.075 216.854   0.069
  7  7   0.646   0.350 236.089 217.371   0.075
  7  8   0.616   0.378 236.959 217.828   0.080
  7  9   0.591   0.401 237.727 218.232   0.083
  7 10   0.571   0.421 238.358 218.598   0.089
  7 11   0.553   0.436 238.876 218.886   0.093
  7 12   0.540   0.448 239.290 219.139   0.094
  7 13   0.530   0.458 239.563 219.279   0.094
  7 14   0.523   0.464 239.773 219.425   0.098
  7 15   0.521   0.468 239.872 219.495   0.097
  7 16   0.521   0.468 239.852 219.486   0.099
  7 17   0.524   0.465 239.726 219.405   0.100
  7 18   0.530   0.459 239.518 219.284   0.101
  7 19   0.540   0.450 239.186 219.079   0.099
  7 20   0.553   0.438 238.747 218.824   0.096
  7 21   0.571   0.422 238.206 218.510   0.091
  7 22   0.592   0.403 237.559 218.131   0.090
  7 23   0.616   0.380 236.763 217.688   0.089
  7 24   0.646   0.353 235.827 217.182   0.083
  7 25   0.679   0.321 234.751 216.641   0.076
  7 26   0.719   0.284 233.365 215.916   0.066
  7 27   0.767   0.240 231.667 215.004   0.057
  7 28   0.822   0.187 230.036 214.265   0.050
  7 29   0.891   0.120 228.139 213.455   0.048
  7 30   0.983   0.032 225.951 212.624   0.065

   8   3 219.490
   6   8   9
  8  1   0.445   0.837  -0.253 227.274 213.386 213.172   0.119
  8  2   0.354   0.864  -0.196 229.312 214.022 212.917   0.071
  8  3   0.277   0.920  -0.178 231.072 214.724 212.639   0.058
  8  4   0.217   0.942  -0.147 232.539 215.409 212.441   0.055
  8  5   0.172   0.955  -0.119 233.887 216.204 212.356   0.045
  8  6   0.132   0.977  -0.102 235.075 216.854 212.303   0.045
  8  7   0.099   0.992  -0.087 236.089 217.371 212.253   0.046
  8  8   0.073   0.994  -0.066 236.959 217.828 212.206   0.042
  8  9   0.052   1.001  -0.053 237.727 218.232 212.221   0.039
  8 10   0.035   1.010  -0.042 238.358 218.598 212.214   0.039
  8 11   0.021   1.005  -0.028 238.876 218.886 212.204   0.037
  8 12   0.014   0.996  -0.013 239.290 219.139 212.220   0.036
  8 13   0.007   0.995  -0.005 239.563 219.279 212.189   0.026
  8 14   0.002   0.998  -0.001 239.773 219.425 212.203   0.019
  8 15   0.000   0.999   0.001 239.872 219.495 212.248   0.011
  8 16   0.000   0.999   0.001 239.852 219.486 212.212   0.011
  8 17  -0.004   1.014  -0.010 239.726 219.405 212.161   0.032
  8 18   0.000   1.013  -0.014 239.518 219.284 212.150   0.051
  8 19   0.013   0.999  -0.012 239.186 219.079 212.101   0.038
  8 20   0.030   0.977  -0.007 238.747 218.824 212.056   0.040
  8 21   0.046   0.971  -0.014 238.206 218.510 212.051   0.044
  8 22   0.061   0.974  -0.032 237.559 218.131 212.036   0.053
  8 23   0.081   0.971  -0.047 236.763 217.688 211.973   0.063
  8 24   0.109   0.962  -0.063 235.827 217.182 211.952   0.057
  8 25   0.140   0.948  -0.079 234.751 216.641 211.974   0.057
  8 26   0.179   0.928  -0.095 233.365 215.916 211.896   0.056
  8 27   0.227   0.902  -0.114 231.667 215.004 211.769   0.058
  8 28   0.279   0.879  -0.141 230.036 214.265 211.829   0.057
  8 29   0.349   0.854  -0.182 228.139 213.455 211.988   0.058
  8 30   0.448   0.834  -0.252 225.951 212.624 212.255   0.060

   9   3 212.230
   8   9  10
  9  1   0.543   0.784  -0.287 213.386 213.172 218.464   0.164
  9  2   0.369   0.935  -0.274 214.022 212.917 217.936   0.131
  9  3   0.276   0.998  -0.250 214.724 212.639 217.456   0.110
  9  4   0.210   1.029  -0.222 215.409 212.441 217.032   0.093
  9  5   0.171   1.034  -0.191 216.204 212.356 216.760   0.083
  9  6   0.144   1.031  -0.160 216.854 212.303 216.557   0.069
  9  7   0.111   1.033  -0.134 217.371 212.253 216.370   0.069
  9  8   0.073   1.034  -0.104 217.828 212.206 216.189   0.054
  9  9   0.053   1.025  -0.075 218.232 212.221 216.068   0.051
  9 10   0.040   1.015  -0.051 218.598 212.214 215.968   0.049
  9 11   0.029   1.017  -0.046 218.886 212.204 215.867   0.046
  9 12   0.005   1.010  -0.019 219.139 212.220 215.806   0.046
  9 13  -0.007   1.007  -0.006 219.279 212.189 215.755   0.037
  9 14   0.001   1.003  -0.005 219.425 212.203 215.711   0.029
  9 15  -0.001   0.998   0.004 219.495 212.248 215.689   0.015
  9 16   0.002   1.002  -0.004 219.486 212.212 215.674   0.015
  9 17   0.002   1.011  -0.014 219.405 212.161 215.661   0.040
  9 18   0.017   1.020  -0.037 219.284 212.150 215.670   0.073
  9 19   0.023   1.020  -0.040 219.079 212.101 215.689   0.050
  9 20   0.027   1.022  -0.046 218.824 212.056 215.731   0.052
  9 21   0.038   1.030  -0.062 218.510 212.051 215.791   0.057
  9 22   0.055   1.035  -0.083 218.131 212.036 215.868   0.067
  9 23   0.077   1.043  -0.112 217.688 211.973 215.963   0.082
  9 24   0.102   1.043  -0.132 217.182 211.952 216.102   0.076
  9 25   0.131   1.047  -0.162 216.641 211.974 216.228   0.072
  9 26   0.164   1.046  -0.190 215.916 211.896 216.326   0.078
  9 27   0.203   1.040  -0.221 215.004 211.769 216.395   0.091
  9 28   0.271   1.018  -0.262 214.265 211.829 216.581   0.102
  9 29   0.385   0.945  -0.293 213.455 211.988 216.916   0.120
  9 30   0.580   0.767  -0.301 212.624 212.255 217.408   0.141

  10   3 215.681
   9  10  11
 10  1   0.542   0.477  -0.030 213.172 218.464 226.003   0.122
 10  2   0.383   0.707  -0.092 212.917 217.936 225.381   0.083
 10  3   0.309   0.772  -0.083 212.639 217.456 224.804   0.064
 10  4   0.274   0.769  -0.047 212.441 217.032 224.298   0.057
 10  5   0.214   0.831  -0.048 212.356 216.760 223.958   0.052
 10  6   0.143   0.918  -0.062 212.303 216.557 223.661   0.049
 10  7   0.165   0.834  -0.003 212.253 216.370 223.402   0.059
 10  8   0.129   0.871  -0.005 212.206 216.189 223.165   0.044
 10  9   0.050   0.987  -0.038 212.221 216.068 222.986   0.036
 10 10   0.002   1.052  -0.052 212.214 215.968 222.827   0.035
 10 11   0.074   0.901   0.021 212.204 215.867 222.692   0.041
 10 12   0.049   0.933   0.015 212.220 215.806 222.582   0.049
 10 13   0.019   0.978   0.001 212.189 215.755 222.500   0.031
 10 14   0.018   0.972   0.010 212.203 215.711 222.442   0.024
 10 15  -0.018   1.031  -0.012 212.248 215.689 222.409   0.015
 10 16   0.019   0.968   0.013 212.212 215.674 222.380   0.015
 10 17   0.056   0.908   0.033 212.161 215.661 222.383   0.039
 10 18   0.107   0.825   0.062 212.150 215.670 222.407   0.080
 10 19   0.075   0.894   0.029 212.101 215.689 222.458   0.046
 10 20   0.081   0.897   0.021 212.056 215.731 222.537   0.047
 10 21   0.114   0.858   0.027 212.051 215.791 222.639   0.058
 10 22   0.153   0.806   0.038 212.036 215.868 222.762   0.063
 10 23   0.211   0.726   0.060 211.973 215.963 222.921   0.071
 10 24   0.212   0.756   0.030 211.952 216.102 223.120   0.060
 10 25   0.250   0.726   0.021 211.974 216.228 223.322   0.046
 10 26   0.281   0.716   0.003 211.896 216.326 223.503   0.048
 10 27   0.356   0.621   0.022 211.769 216.395 223.626   0.055
 10 28   0.463   0.470   0.060 211.829 216.581 223.891   0.052
 10 29   0.556   0.354   0.081 211.988 216.916 224.316   0.045
 10 30   0.762   0.002   0.212 212.255 217.408 224.899   0.067

  11   3 222.395
  10  11  12
 11  1   0.474   0.538  -0.021 218.464 226.003 235.193   0.124
 11  2   0.358   0.705  -0.066 217.936 225.381 234.431   0.083
 11  3   0.282   0.789  -0.072 217.456 224.804 233.751   0.058
 11  4   0.231   0.809  -0.043 217.032 224.298 233.138   0.051
 11  5   0.187   0.840  -0.031 216.760 223.958 232.722   0.047
 11  6   0.143   0.887  -0.031 216.557 223.661 232.353   0.047
 11  7   0.126   0.862   0.006 216.370 223.402 232.034   0.059
 11  8   0.106   0.865   0.021 216.189 223.165 231.742   0.039
 11  9   0.056   0.964  -0.021 216.068 222.986 231.513   0.033
 11 10   0.030   0.999  -0.029 215.968 222.827 231.319   0.036
 11 11   0.040   0.939   0.017 215.867 222.692 231.153   0.035
 11 12   0.041   0.910   0.042 215.806 222.582 231.023   0.056
 11 13   0.019   0.961   0.018 215.755 222.500 230.924   0.033
 11 14   0.008   0.979   0.011 215.711 222.442 230.848   0.019
 11 15  -0.017   1.049  -0.028 215.689 222.409 230.805   0.019
 11 16   0.017   0.951   0.028 215.674 222.380 230.774   0.018
 11 17   0.031   0.923   0.041 215.661 222.383 230.779   0.032
 11 18   0.066   0.835   0.089 215.670 222.407 230.818   0.081
 11 19   0.051   0.904   0.041 215.689 222.458 230.886   0.041
 11 20   0.059   0.905   0.031 215.731 222.537 230.988   0.043
 11 21   0.081   0.880   0.034 215.791 222.639 231.114   0.056
 11 22   0.107   0.845   0.042 215.868 222.762 231.270   0.060
 11 23   0.128   0.835   0.032 215.963 222.921 231.466   0.061
 11 24   0.150   0.834   0.013 216.102 223.120 231.715   0.049
 11 25   0.183   0.819  -0.004 216.228 223.322 231.972   0.041
 11 26   0.226   0.779  -0.007 216.326 223.503 232.212   0.048
 11 27   0.277   0.731  -0.008 216.395 223.626 232.401   0.049
 11 28   0.352   0.628   0.016 216.581 223.891 232.743   0.056
 11 29   0.421   0.579  -0.001 216.916 224.316 233.276   0.048
 11 30   0.548   0.372   0.069 217.408 224.899 233.990   0.093

  12   3 230.789
  11  12  13
 12  1   0.461   0.550  -0.017 226.003 235.193 246.211   0.147
 12  2   0.312   0.755  -0.073 225.381 234.431 245.370   0.085
 12  3   0.233   0.846  -0.083 224.804 233.751 244.619   0.063
 12  4   0.171   0.901  -0.076 224.298 233.138 243.931   0.054
 12  5   0.134   0.914  -0.054 223.958 232.722 243.445   0.051
 12  6   0.098   0.953  -0.054 223.661 232.353 243.019   0.047
 12  7   0.076   0.948  -0.031 223.402 232.034 242.640   0.059
 12  8   0.062   0.951  -0.019 223.165 231.742 242.309   0.044
 12  9   0.029   1.006  -0.036 222.986 231.513 242.041   0.041
 12 10   0.018   1.004  -0.023 222.827 231.319 241.807   0.038
 12 11   0.011   0.994  -0.007 222.692 231.153 241.620   0.036
 12 12   0.007   0.979   0.010 222.582 231.023 241.465   0.062
 12 13  -0.001   1.000  -0.002 222.500 230.924 241.333   0.036
 12 14  -0.004   1.005  -0.002 222.442 230.848 241.248   0.021
 12 15  -0.010   1.028  -0.017 222.409 230.805 241.204   0.028
 12 16   0.010   0.971   0.017 222.380 230.774 241.173   0.028
 12 17   0.018   0.962   0.017 222.383 230.779 241.174   0.036
 12 18   0.036   0.921   0.038 222.407 230.818 241.225   0.089
 12 19   0.041   0.938   0.019 222.458 230.886 241.307   0.050
 12 20   0.054   0.930   0.014 222.537 230.988 241.422   0.049
 12 21   0.077   0.904   0.017 222.639 231.114 241.580   0.063
 12 22   0.097   0.881   0.020 222.762 231.270 241.765   0.068
 12 23   0.119   0.876   0.005 222.921 231.466 241.989   0.056
 12 24   0.152   0.848   0.001 223.120 231.715 242.271   0.051
 12 25   0.191   0.817  -0.006 223.322 231.972 242.580   0.052
 12 26   0.232   0.780  -0.010 223.503 232.212 242.876   0.059
 12 27   0.284   0.732  -0.011 223.626 232.401 243.103   0.057
 12 28   0.365   0.629   0.011 223.891 232.743 243.510   0.072
 12 29   0.451   0.554   0.004 224.316 233.276 244.109   0.066
 12 30   0.571   0.382   0.052 224.899 233.990 244.887   0.120

  13   2 241.188
  12  13
 13  1   0.464   0.530 235.193 246.211   0.171
 13  2   0.400   0.596 234.431 245.370   0.087
 13  3   0.350   0.651 233.751 244.619   0.068
 13  4   0.288   0.714 233.138 243.931   0.066
 13  5   0.216   0.783 232.722 243.445   0.068
 13  6   0.171   0.827 232.353 243.019   0.062
 13  7   0.122   0.874 232.034 242.640   0.068
 13  8   0.094   0.903 231.742 242.309   0.052
 13  9   0.082   0.919 231.513 242.041   0.052
 13 10   0.046   0.953 231.319 241.807   0.045
 13 11   0.015   0.982 231.153 241.620   0.041
 13 12  -0.011   1.005 231.023 241.465   0.069
 13 13   0.002   0.996 230.924 241.333   0.046
 13 14  -0.003   1.002 230.848 241.248   0.028
 13 15   0.010   0.992 230.805 241.204   0.032
 13 16  -0.009   1.008 230.774 241.173   0.032
 13 17  -0.004   1.002 230.779 241.174   0.047
 13 18  -0.018   1.012 230.818 241.225   0.094
 13 19   0.007   0.990 230.886 241.307   0.065
 13 20   0.027   0.971 230.988 241.422   0.072
 13 21   0.047   0.951 231.114 241.580   0.085
 13 22   0.071   0.928 231.270 241.765   0.082
 13 23   0.123   0.882 231.466 241.989   0.065
 13 24   0.151   0.852 231.715 242.271   0.085
 13 25   0.193   0.811 231.972 242.580   0.098
 13 26   0.237   0.768 232.212 242.876   0.108
 13 27   0.295   0.713 232.401 243.103   0.104
 13 28   0.346   0.663 232.743 243.510   0.119
 13 29   0.440   0.575 233.276 244.109   0.112
 13 30   0.491   0.518 233.990 244.887   0.147

  14   3 251.522
  12  13  14
 14  1   0.012   0.401   0.582 235.193 246.211 255.132   0.222
 14  2  -0.067   0.447   0.607 234.431 245.370 254.644   0.143
 14  3  -0.009   0.308   0.697 233.751 244.619 254.152   0.127
 14  4  -0.038   0.301   0.732 233.138 243.931 253.661   0.110
 14  5  -0.101   0.337   0.751 232.722 243.445 253.329   0.095
 14  6  -0.128   0.330   0.782 232.353 243.019 253.017   0.085
 14  7  -0.143   0.315   0.809 232.034 242.640 252.738   0.075
 14  8  -0.082   0.202   0.870 231.742 242.309 252.478   0.065
 14  9  -0.053   0.140   0.907 231.513 242.041 252.261   0.056
 14 10  -0.095   0.175   0.910 231.319 241.807 252.071   0.053
 14 11  -0.095   0.157   0.928 231.153 241.620 251.913   0.054
 14 12  -0.087   0.128   0.947 231.023 241.465 251.779   0.064
 14 13  -0.046   0.067   0.972 230.924 241.333 251.670   0.055
 14 14  -0.040   0.053   0.981 230.848 241.248 251.592   0.043
 14 15   0.010  -0.013   1.004 230.805 241.204 251.537   0.026
 14 16  -0.011   0.013   0.996 230.774 241.173 251.506   0.026
 14 17  -0.014   0.028   0.984 230.779 241.174 251.510   0.043
 14 18  -0.058   0.090   0.962 230.818 241.225 251.541   0.072
 14 19  -0.048   0.091   0.952 230.886 241.307 251.597   0.062
 14 20  -0.085   0.158   0.920 230.988 241.422 251.685   0.085
 14 21  -0.110   0.220   0.883 231.114 241.580 251.803   0.087
 14 22  -0.115   0.254   0.855 231.270 241.765 251.935   0.080
 14 23  -0.048   0.202   0.849 231.466 241.989 252.105   0.072
 14 24  -0.126   0.343   0.778 231.715 242.271 252.304   0.094
 14 25  -0.162   0.435   0.719 231.972 242.580 252.508   0.101
 14 26  -0.154   0.469   0.680 232.212 242.876 252.687   0.108
 14 27  -0.164   0.538   0.623 232.401 243.103 252.750   0.100
 14 28  -0.141   0.568   0.575 232.743 243.510 252.944   0.101
 14 29  -0.100   0.593   0.517 233.276 244.109 253.246   0.102
 14 30  -0.079   0.640   0.449 233.990 244.887 253.645   0.101

  15   2 229.363
   2  15
 15  1   0.684   0.437 176.572 247.702   0.878
 15  2   0.640   0.526 175.756 246.268   0.661
 15  3   0.553   0.625 175.294 244.847   0.604
 15  4   0.476   0.705 174.373 243.391   0.572
 15  5   0.396   0.777 173.279 241.940   0.619
 15  6   0.290   0.845 171.899 240.388   0.647
 15  7   0.228   0.887 170.448 238.776   0.617
 15  8   0.182   0.913 168.902 237.115   0.606
 15  9   0.122   0.942 167.150 235.450   0.590
 15 10   0.086   0.958 165.577 233.901   0.519
 15 11   0.065   0.971 163.983 232.523   0.436
 15 12   0.026   0.984 162.629 231.291   0.392
 15 13   0.000   0.994 161.599 230.302   0.328
 15 14   0.008   0.992 160.798 229.672   0.237
 15 15   0.000   0.999 160.382 229.359   0.116
 15 16  -0.003   1.002 160.420 229.366   0.116
 15 17   0.004   1.003 160.966 229.735   0.239
 15 18   0.011   1.004 161.896 230.400   0.277
 15 19   0.048   0.994 162.924 231.382   0.339
 15 20   0.095   0.977 164.381 232.629   0.371
 15 21   0.118   0.967 166.070 234.043   0.404
 15 22   0.171   0.947 167.840 235.680   0.389
 15 23   0.249   0.911 169.772 237.447   0.481
 15 24   0.321   0.872 171.981 239.206   0.486
 15 25   0.398   0.822 173.816 240.882   0.457
 15 26   0.465   0.768 175.584 242.478   0.505
 15 27   0.539   0.697 177.266 243.944   0.538
 15 28   0.577   0.635 178.691 245.345   0.678
 15 29   0.681   0.530 180.147 246.769   0.659
 15 30   0.718   0.443 181.815 248.425   0.962
