 
   9    5.00   515
   4  10  11  12  13
 -22.9125   0.8846  -2.4671   2.5794   0.0983   3.6483
 
  10    7.00  1456
   4  10  11  12  13
 -17.3068   0.6809  -2.1849   3.1136  -0.5339   2.9641
 
  11   10.00  4289
   4  10  11  12  13
  -1.6385   0.0225  -0.5870   2.2778  -0.7029   2.5092
 
  12   15.00  6281
   4  10  11  12  13
   1.8959  -0.8140   1.9896   0.0208  -0.2035   2.0798
 
  13   20.00  8269
   4  10  11  12  13
   4.9044  -0.8471   2.6220  -0.8264   0.0297   1.9450
 
  14   25.00  9057
   4   9  10  11  12
  13.7047  -0.6532   0.6776   1.5055  -0.5886   1.8443
 
  15   30.00  9891
   4   9  10  11  12
  15.5496  -0.8188   1.3286   0.9144  -0.4902   1.8661
 
  16   50.00 11113
   4   9  10  11  12
   0.1251  -0.3899   2.0547  -0.6701   0.0072   2.1228
 
  17   60.00 11389
   4   8   9  10  11
   7.5569  -0.2888   0.7277   0.9724  -0.4424   2.1637
 
  18   70.00 11647
   4   8   9  10  11
  23.6800  -0.6486   1.9360  -0.3216  -0.0690   2.3187
 
  19   85.00 11903
   4   8   9  10  11
  41.8936  -0.8859   2.6068  -0.9165   0.0138   1.9145
 
  20  100.00 12472
   4   8   9  10  11
  42.0779  -0.7429   2.8796  -1.5167   0.1975   1.9422
 
  21  115.00 12472
   4   8   9  10  11
  28.5617  -0.3106   2.4987  -1.5038   0.1924   1.9073
 
  22  135.00 12472
   5   7   8   9  10  11
  35.0245  -0.7080   1.2266   1.3715  -1.2990   0.2613   1.8278
 
  23  150.00 12472
   5   7   8   9  10  11
  10.2198  -0.9363   2.1096   0.6006  -1.0175   0.2079   1.8250
 
  24  200.00 12472
   6   6   7   8   9  10  11
 -35.8850  -1.4860   1.1980   3.3319  -2.1518   0.2621   0.0344   2.1241
 
  25  250.00 12472
   6   6   7   8   9  10  11
 -46.8051  -1.2052   2.2275   1.8765  -2.3665   0.6854  -0.0114   2.2090
 
  26  300.00 12472
   6   6   7   8   9  10  11
 -18.8051  -0.0940   2.1295  -0.2274  -1.3830   0.7423  -0.1166   2.0502
 
  27  350.00 12472
   6   6   7   8   9  10  11
  -5.7169   0.8160   1.6093  -1.3478  -0.5606   0.6105  -0.1391   1.8096
 
  28  400.00 12472
   6   6   7   8   9  10  11
  -6.0468   1.4260   1.1326  -1.8415  -0.0586   0.5080  -0.1677   1.7839
 
  29  430.00 12472
   6   6   7   8   9  10  11
  -4.5254   1.7489   0.7564  -1.9351   0.2074   0.3548  -0.1329   1.7301
 
  30  475.00 12472
   6   6   7   8   9  10  11
  -2.3046   2.1463   0.2464  -1.9723   0.5202   0.1482  -0.0870   1.7254
 
  31  500.00 12472
   6   6   7   8   9  10  11
  -1.0657   2.3463  -0.0311  -1.9604   0.6927  -0.0030  -0.0419   1.7662
 
  32  570.00 12472
   6   6   7   8   9  10  11
  -1.9400   2.9092  -0.8828  -1.7978   1.1583  -0.4659   0.1005   1.7903
 
  33  620.00 12472
   6   6   7   8   9  10  11
   1.7228   3.2218  -1.4205  -1.6161   1.3023  -0.6217   0.1498   1.9425
 
  34  670.00 12472
   6   6   7   8   9  10  11
   3.9151   3.5135  -1.9183  -1.4482   1.4679  -0.8272   0.2270   2.0895
 
  35  700.00 12472
   6   6   7   8   9  10  11
   2.7330   3.6668  -2.1777  -1.3406   1.5306  -0.9113   0.2571   2.2503
 
  36  780.00  9205
   7   5   6   7   8   9  10  11
 -17.8391   1.5061   0.9450  -1.5087  -0.3196   0.8242  -0.3738   0.0296   2.4926
 
  37  850.00  9098
   7   5   6   7   8   9  10  11
 -36.3194   1.8890   0.2474  -1.4609   0.2724   0.4314  -0.1688  -0.0195   3.2020
 
  38  920.00  8946
   7   5   6   7   8   9  10  11
 -55.6364   2.3387  -0.5257  -1.5397   0.9802   0.3042  -0.4284   0.1519   3.5832
 
  39  950.00  8773
   7   5   6   7   8   9  10  11
 -60.4532   2.3824  -0.6270  -1.5705   1.1616   0.2978  -0.5584   0.2231   3.6912
 
  40 1000.00  7166
   7   5   6   7   8   9  10  11
 -54.3865   2.2938  -0.4558  -1.5794   1.0086   0.5305  -0.8739   0.3655   3.9364
