
   1   2 242.420
   1   2
  1  1   1.106   0.073 232.857 224.951   4.065
  1  2   1.224  -0.044 235.378 228.657   3.759
  1  3   1.213  -0.045 236.925 231.229   3.393
  1  4   1.032   0.085 240.194 235.650   2.781
  1  5   1.013   0.102 241.307 237.114   2.473
  1  6   1.001   0.116 242.074 238.163   2.500
  1  7   0.946   0.138 242.720 239.130   1.737
  1  8   1.008   0.054 243.008 239.630   1.715
  1  9   0.936   0.113 242.885 239.748   1.536
  1 10   0.935   0.099 243.074 240.002   1.390
  1 11   0.982   0.025 242.694 239.693   1.508
  1 12   0.920   0.107 242.555 239.468   1.216
  1 13   0.985   0.027 242.798 239.789   1.295
  1 14   0.998  -0.006 242.723 239.802   1.227
  1 15   1.041  -0.049 242.337 239.399   0.831
  1 16   0.982   0.021 242.503 239.564   0.847
  1 17   0.982   0.021 242.332 239.431   1.080
  1 18   0.969   0.045 242.794 239.832   1.251
  1 19   0.991   0.045 242.620 239.568   1.457
  1 20   0.981   0.055 242.877 239.825   1.363
  1 21   1.052  -0.012 242.886 239.712   1.644
  1 22   1.027   0.035 242.822 239.554   1.727
  1 23   1.037   0.029 242.792 239.418   1.877
  1 24   0.977   0.102 242.379 238.947   1.790
  1 25   0.985   0.100 242.170 238.539   1.954
  1 26   0.998   0.115 241.293 237.252   2.618
  1 27   1.208  -0.071 239.040 234.147   3.059
  1 28   1.218  -0.064 237.431 231.691   3.469
  1 29   1.223  -0.049 235.117 228.146   3.932
  1 30   1.235   0.004 230.911 221.767   4.869

   2   2 239.482
   1   2
  2  1   0.633   0.522 232.857 224.951   4.162
  2  2   0.691   0.465 235.378 228.657   3.825
  2  3   0.610   0.536 236.925 231.229   3.531
  2  4   0.313   0.789 240.194 235.650   2.898
  2  5   0.237   0.866 241.307 237.114   2.561
  2  6   0.174   0.932 242.074 238.163   2.534
  2  7   0.079   0.996 242.720 239.130   1.823
  2  8   0.106   0.950 243.008 239.630   1.781
  2  9   0.004   1.040 242.885 239.748   1.605
  2 10  -0.026   1.056 243.074 240.002   1.535
  2 11   0.009   0.996 242.694 239.693   1.599
  2 12  -0.079   1.105 242.555 239.468   1.272
  2 13  -0.011   1.019 242.798 239.789   1.435
  2 14  -0.003   0.994 242.723 239.802   1.333
  2 15   0.045   0.947 242.337 239.399   0.924
  2 16  -0.015   1.017 242.503 239.564   0.940
  2 17  -0.006   1.006 242.332 239.431   1.231
  2 18  -0.034   1.046 242.794 239.832   1.336
  2 19   0.002   1.033 242.620 239.568   1.486
  2 20   0.017   1.015 242.877 239.825   1.425
  2 21   0.118   0.916 242.886 239.712   1.743
  2 22   0.117   0.939 242.822 239.554   1.768
  2 23   0.151   0.908 242.792 239.418   1.889
  2 24   0.121   0.952 242.379 238.947   1.807
  2 25   0.165   0.910 242.170 238.539   1.931
  2 26   0.225   0.874 241.293 237.252   2.646
  2 27   0.539   0.580 239.040 234.147   3.118
  2 28   0.617   0.514 237.431 231.691   3.505
  2 29   0.697   0.453 235.117 228.146   3.972
  2 30   0.807   0.406 230.911 221.767   4.934

   3   2 257.367
   3   5
  3  1   1.400  -0.158 254.029 240.523   1.800
  3  2   1.281   0.020 254.691 242.479   1.834
  3  3   1.229   0.041 255.437 244.249   1.689
  3  4   1.249  -0.165 257.065 245.906   1.331
  3  5   1.216  -0.154 257.716 247.322   1.242
  3  6   1.178  -0.115 257.933 248.457   1.268
  3  7   1.175  -0.181 258.304 249.357   0.839
  3  8   1.122  -0.112 258.234 250.135   0.909
  3  9   1.100  -0.100 258.401 250.798   0.743
  3 10   1.077  -0.086 258.362 251.336   0.718
  3 11   1.030  -0.028 258.235 251.768   0.699
  3 12   1.040  -0.051 257.607 252.107   0.595
  3 13   1.022  -0.030 257.616 252.354   0.689
  3 14   1.007  -0.025 257.564 252.545   0.554
  3 15   0.979   0.036 257.299 252.607   0.432
  3 16   1.007  -0.011 257.435 252.610   0.444
  3 17   0.993   0.020 257.378 252.532   0.555
  3 18   1.012  -0.011 257.613 252.373   0.679
  3 19   1.051  -0.050 257.568 252.117   0.713
  3 20   1.051  -0.043 257.928 251.767   0.693
  3 21   1.045  -0.006 257.868 251.343   0.804
  3 22   1.101  -0.088 257.919 250.804   0.878
  3 23   1.096  -0.049 258.046 250.140   0.837
  3 24   1.144  -0.124 257.945 249.336   0.841
  3 25   1.176  -0.157 257.905 248.415   0.936
  3 26   1.198  -0.133 257.315 247.185   1.181
  3 27   1.161   0.076 256.086 245.603   1.573
  3 28   1.194   0.092 255.066 243.830   1.641
  3 29   1.240   0.114 253.863 241.918   1.763
  3 30   1.318   0.133 251.728 239.645   2.152

   4   2 261.140
   3   5
  4  1   0.649   0.751 254.029 240.523   1.312
  4  2   0.560   0.839 254.691 242.479   1.243
  4  3   0.501   0.870 255.437 244.249   1.185
  4  4   0.476   0.808 257.065 245.906   1.113
  4  5   0.438   0.823 257.716 247.322   1.054
  4  6   0.404   0.845 257.933 248.457   0.992
  4  7   0.385   0.828 258.304 249.357   0.882
  4  8   0.353   0.856 258.234 250.135   0.827
  4  9   0.333   0.868 258.401 250.798   0.823
  4 10   0.317   0.874 258.362 251.336   0.789
  4 11   0.291   0.900 258.235 251.768   0.768
  4 12   0.294   0.884 257.607 252.107   0.718
  4 13   0.286   0.890 257.616 252.354   0.703
  4 14   0.279   0.890 257.564 252.545   0.650
  4 15   0.269   0.907 257.299 252.607   0.625
  4 16   0.279   0.892 257.435 252.610   0.636
  4 17   0.273   0.908 257.378 252.532   0.679
  4 18   0.283   0.894 257.613 252.373   0.685
  4 19   0.303   0.875 257.568 252.117   0.665
  4 20   0.308   0.874 257.928 251.767   0.670
  4 21   0.312   0.888 257.868 251.343   0.730
  4 22   0.342   0.853 257.919 250.804   0.723
  4 23   0.348   0.869 258.046 250.140   0.773
  4 24   0.378   0.838 257.945 249.336   0.843
  4 25   0.405   0.823 257.905 248.415   0.929
  4 26   0.433   0.824 257.315 247.185   1.034
  4 27   0.442   0.895 256.086 245.603   1.157
  4 28   0.484   0.889 255.066 243.830   1.209
  4 29   0.538   0.881 253.863 241.918   1.256
  4 30   0.620   0.860 251.728 239.645   1.310

   5   2 252.609
   5   6
  5  1   1.683  -0.637 240.523 225.954   1.199
  5  2   1.597  -0.601 242.479 227.740   0.941
  5  3   1.531  -0.563 244.249 229.304   0.721
  5  4   1.462  -0.512 245.906 230.693   0.562
  5  5   1.385  -0.435 247.322 231.998   0.444
  5  6   1.310  -0.345 248.457 233.060   0.357
  5  7   1.250  -0.288 249.357 233.943   0.264
  5  8   1.184  -0.203 250.135 234.748   0.222
  5  9   1.151  -0.174 250.798 235.412   0.168
  5 10   1.103  -0.114 251.336 235.975   0.159
  5 11   1.068  -0.076 251.768 236.439   0.115
  5 12   1.045  -0.052 252.107 236.826   0.096
  5 13   1.018  -0.017 252.354 237.105   0.099
  5 14   1.006  -0.006 252.545 237.274   0.071
  5 15   0.997   0.005 252.607 237.327   0.036
  5 16   1.003  -0.004 252.610 237.308   0.037
  5 17   1.003   0.001 252.532 237.196   0.074
  5 18   1.017  -0.015 252.373 236.977   0.101
  5 19   1.037  -0.036 252.117 236.697   0.120
  5 20   1.059  -0.062 251.767 236.280   0.129
  5 21   1.092  -0.099 251.343 235.817   0.144
  5 22   1.134  -0.150 250.804 235.176   0.178
  5 23   1.183  -0.208 250.140 234.470   0.201
  5 24   1.249  -0.294 249.336 233.603   0.251
  5 25   1.308  -0.354 248.415 232.635   0.332
  5 26   1.372  -0.417 247.185 231.450   0.451
  5 27   1.422  -0.440 245.603 230.021   0.605
  5 28   1.495  -0.504 243.830 228.404   0.758
  5 29   1.573  -0.570 241.918 226.651   0.947
  5 30   1.649  -0.600 239.645 224.709   1.210

   6   2 237.356
   5   6
  6  1   0.719   0.298 240.517 226.138   0.125
  6  2   0.600   0.414 242.462 227.900   0.110
  6  3   0.499   0.516 244.178 229.434   0.111
  6  4   0.407   0.613 245.747 230.798   0.111
  6  5   0.325   0.698 247.110 232.085   0.112
  6  6   0.254   0.772 248.173 233.134   0.107
  6  7   0.192   0.833 249.003 234.013   0.099
  6  8   0.142   0.882 249.711 234.809   0.093
  6  9   0.104   0.915 250.300 235.464   0.078
  6 10   0.068   0.949 250.781 236.022   0.064
  6 11   0.042   0.972 251.165 236.481   0.052
  6 12   0.025   0.983 251.479 236.868   0.034
  6 13   0.013   0.991 251.702 237.147   0.030
  6 14   0.004   0.998 251.859 237.310   0.023
  6 15  -0.001   1.001 251.920 237.364   0.016
  6 16   0.001   0.999 251.921 237.348   0.016
  6 17   0.006   0.994 251.848 237.234   0.032
  6 18   0.012   0.992 251.701 237.018   0.039
  6 19   0.027   0.979 251.476 236.741   0.046
  6 20   0.047   0.961 251.168 236.327   0.048
  6 21   0.072   0.941 250.784 235.864   0.062
  6 22   0.105   0.911 250.299 235.228   0.079
  6 23   0.148   0.868 249.698 234.530   0.100
  6 24   0.202   0.812 248.955 233.671   0.116
  6 25   0.262   0.751 248.104 232.714   0.112
  6 26   0.331   0.682 246.955 231.546   0.109
  6 27   0.405   0.612 245.463 230.128   0.110
  6 28   0.498   0.514 243.763 228.542   0.108
  6 29   0.600   0.407 241.907 226.824   0.113
  6 30   0.714   0.277 239.669 224.899   0.160

   7   2 226.071
   6   8
  7  1   0.966   0.056 226.138 212.218   0.103
  7  2   0.876   0.136 227.900 212.824   0.090
  7  3   0.809   0.200 229.434 213.531   0.104
  7  4   0.755   0.252 230.798 214.198   0.122
  7  5   0.709   0.294 232.085 214.976   0.144
  7  6   0.669   0.331 233.134 215.556   0.159
  7  7   0.635   0.362 234.013 216.042   0.174
  7  8   0.605   0.388 234.809 216.381   0.185
  7  9   0.579   0.410 235.464 216.861   0.195
  7 10   0.558   0.430 236.022 217.190   0.200
  7 11   0.542   0.445 236.481 217.481   0.204
  7 12   0.529   0.458 236.868 217.568   0.200
  7 13   0.518   0.467 237.147 217.833   0.199
  7 14   0.512   0.472 237.310 217.894   0.202
  7 15   0.509   0.476 237.364 217.896   0.203
  7 16   0.508   0.474 237.348 217.904   0.205
  7 17   0.512   0.472 237.234 217.833   0.205
  7 18   0.517   0.467 237.018 217.703   0.209
  7 19   0.527   0.457 236.741 217.511   0.205
  7 20   0.539   0.445 236.327 217.420   0.200
  7 21   0.557   0.431 235.864 217.049   0.196
  7 22   0.577   0.411 235.228 216.672   0.192
  7 23   0.600   0.387 234.530 216.338   0.186
  7 24   0.629   0.359 233.671 215.844   0.176
  7 25   0.663   0.328 232.714 215.314   0.158
  7 26   0.704   0.292 231.546 214.630   0.139
  7 27   0.753   0.252 230.128 213.960   0.117
  7 28   0.808   0.198 228.542 213.074   0.103
  7 29   0.878   0.134 226.824 212.264   0.094
  7 30   0.956   0.052 224.899 211.306   0.126

   8   3 217.900
   6   8   9
  8  1   0.484   0.884  -0.247 226.138 212.218 210.852   0.158
  8  2   0.374   0.957  -0.231 227.900 212.824 210.677   0.134
  8  3   0.293   1.012  -0.215 229.434 213.531 210.485   0.132
  8  4   0.226   1.060  -0.203 230.798 214.198 210.468   0.125
  8  5   0.173   1.072  -0.177 232.085 214.976 210.485   0.114
  8  6   0.128   1.066  -0.144 233.134 215.556 210.465   0.104
  8  7   0.096   1.054  -0.113 234.013 216.042 210.445   0.101
  8  8   0.070   1.041  -0.085 234.809 216.381 210.406   0.091
  8  9   0.045   1.046  -0.072 235.464 216.861 210.512   0.088
  8 10   0.026   1.047  -0.059 236.022 217.190 210.541   0.078
  8 11   0.017   1.032  -0.039 236.481 217.481 210.601   0.067
  8 12   0.010   1.017  -0.022 236.868 217.568 210.534   0.056
  8 13   0.004   1.005  -0.010 237.147 217.833 210.550   0.046
  8 14   0.003   0.994   0.001 237.310 217.894 210.447   0.035
  8 15   0.002   0.994   0.004 237.364 217.896 210.447   0.021
  8 16  -0.002   1.003  -0.003 237.348 217.904 210.475   0.021
  8 17   0.002   0.999  -0.001 237.234 217.833 210.431   0.037
  8 18   0.002   1.014  -0.014 237.018 217.703 210.356   0.050
  8 19   0.011   1.010  -0.017 236.741 217.511 210.313   0.066
  8 20   0.022   1.002  -0.020 236.327 217.420 210.304   0.080
  8 21   0.034   1.014  -0.036 235.864 217.049 210.193   0.079
  8 22   0.049   1.020  -0.054 235.228 216.672 210.101   0.090
  8 23   0.072   1.011  -0.064 234.530 216.338 210.084   0.096
  8 24   0.098   1.012  -0.084 233.671 215.844 210.010   0.110
  8 25   0.130   0.991  -0.095 232.714 215.314 209.944   0.121
  8 26   0.171   0.993  -0.122 231.546 214.630 209.896   0.124
  8 27   0.225   0.980  -0.145 230.128 213.960 209.830   0.125
  8 28   0.287   0.952  -0.169 228.542 213.074 209.755   0.129
  8 29   0.367   0.889  -0.175 226.824 212.264 209.815   0.138
  8 30   0.468   0.843  -0.210 224.899 211.306 209.816   0.161

   9   3 210.461
   8   9  10
  9  1   0.320   0.949  -0.232 212.218 210.852 215.669   0.249
  9  2   0.212   1.022  -0.216 212.824 210.677 215.202   0.193
  9  3   0.166   1.032  -0.184 213.531 210.485 214.776   0.188
  9  4   0.155   1.022  -0.159 214.198 210.468 214.488   0.169
  9  5   0.142   1.012  -0.133 214.976 210.485 214.291   0.152
  9  6   0.117   1.012  -0.110 215.556 210.465 214.107   0.134
  9  7   0.097   1.011  -0.091 216.042 210.445 213.920   0.118
  9  8   0.065   1.016  -0.071 216.381 210.406 213.773   0.100
  9  9   0.058   1.012  -0.060 216.861 210.512 213.665   0.088
  9 10   0.053   1.008  -0.049 217.190 210.541 213.593   0.086
  9 11   0.030   1.008  -0.032 217.481 210.601 213.523   0.078
  9 12   0.021   1.005  -0.023 217.568 210.534 213.487   0.073
  9 13   0.014   1.004  -0.016 217.833 210.550 213.437   0.060
  9 14   0.001   1.003  -0.006 217.894 210.447 213.404   0.049
  9 15   0.003   0.999   0.001 217.896 210.447 213.394   0.026
  9 16  -0.004   1.002   0.000 217.904 210.475 213.382   0.026
  9 17  -0.004   1.002   0.000 217.833 210.431 213.374   0.041
  9 18   0.004   1.004  -0.008 217.703 210.356 213.365   0.060
  9 19   0.001   1.008  -0.012 217.511 210.313 213.374   0.076
  9 20  -0.003   1.015  -0.018 217.420 210.304 213.384   0.086
  9 21   0.011   1.018  -0.031 217.049 210.193 213.397   0.090
  9 22   0.024   1.022  -0.046 216.672 210.101 213.442   0.102
  9 23   0.024   1.031  -0.057 216.338 210.084 213.507   0.109
  9 24   0.040   1.034  -0.074 215.844 210.010 213.601   0.132
  9 25   0.024   1.059  -0.093 215.314 209.944 213.712   0.143
  9 26   0.051   1.062  -0.116 214.630 209.896 213.870   0.159
  9 27   0.081   1.062  -0.141 213.960 209.830 213.960   0.176
  9 28   0.118   1.061  -0.172 213.074 209.755 214.075   0.197
  9 29   0.174   1.045  -0.201 212.264 209.815 214.351   0.238
  9 30   0.283   0.978  -0.222 211.306 209.816 214.761   0.293

  10   3 213.388
   9  10  11
 10  1   0.469   0.611  -0.072 210.852 215.669 223.035   0.257
 10  2   0.380   0.698  -0.072 210.677 215.202 222.467   0.199
 10  3   0.309   0.762  -0.066 210.485 214.776 221.936   0.195
 10  4   0.246   0.824  -0.067 210.468 214.488 221.544   0.173
 10  5   0.199   0.858  -0.056 210.485 214.291 221.253   0.146
 10  6   0.166   0.875  -0.039 210.465 214.107 220.978   0.123
 10  7   0.121   0.921  -0.040 210.445 213.920 220.716   0.108
 10  8   0.089   0.946  -0.034 210.406 213.773 220.493   0.086
 10  9   0.060   0.972  -0.032 210.512 213.665 220.317   0.079
 10 10   0.034   0.995  -0.030 210.541 213.593 220.179   0.077
 10 11   0.022   0.999  -0.021 210.601 213.523 220.069   0.076
 10 12   0.009   1.006  -0.016 210.534 213.487 219.985   0.075
 10 13  -0.006   1.021  -0.016 210.550 213.437 219.910   0.061
 10 14  -0.006   1.014  -0.009 210.447 213.404 219.855   0.049
 10 15  -0.001   1.003  -0.001 210.447 213.394 219.836   0.028
 10 16   0.002   0.996   0.002 210.475 213.382 219.827   0.028
 10 17   0.005   0.995   0.001 210.431 213.374 219.836   0.042
 10 18   0.008   0.996  -0.003 210.356 213.365 219.853   0.063
 10 19   0.021   0.983  -0.003 210.313 213.374 219.895   0.078
 10 20   0.030   0.982  -0.011 210.304 213.384 219.956   0.079
 10 21   0.045   0.976  -0.018 210.193 213.397 220.018   0.089
 10 22   0.056   0.978  -0.031 210.101 213.442 220.121   0.094
 10 23   0.082   0.958  -0.036 210.084 213.507 220.257   0.106
 10 24   0.114   0.931  -0.040 210.010 213.601 220.429   0.126
 10 25   0.158   0.888  -0.041 209.944 213.712 220.619   0.139
 10 26   0.200   0.852  -0.044 209.896 213.870 220.876   0.162
 10 27   0.258   0.794  -0.040 209.830 213.960 221.070   0.169
 10 28   0.321   0.731  -0.040 209.755 214.075 221.297   0.198
 10 29   0.389   0.670  -0.045 209.815 214.351 221.676   0.248
 10 30   0.468   0.604  -0.052 209.816 214.761 222.185   0.317

  11   3 219.832
  10  11  12
 11  1   0.429   0.671  -0.083 215.669 223.035 232.101   0.291
 11  2   0.339   0.762  -0.089 215.202 222.467 231.419   0.242
 11  3   0.277   0.809  -0.077 214.776 221.936 230.783   0.228
 11  4   0.221   0.866  -0.080 214.488 221.544 230.308   0.192
 11  5   0.176   0.897  -0.069 214.291 221.253 229.945   0.152
 11  6   0.142   0.914  -0.052 214.107 220.978 229.599   0.108
 11  7   0.109   0.942  -0.048 213.920 220.716 229.278   0.106
 11  8   0.086   0.954  -0.036 213.773 220.493 229.007   0.095
 11  9   0.063   0.969  -0.031 213.665 220.317 228.785   0.101
 11 10   0.041   0.989  -0.029 213.593 220.179 228.620   0.091
 11 11   0.030   0.985  -0.016 213.523 220.069 228.478   0.099
 11 12   0.014   0.998  -0.014 213.487 219.985 228.370   0.091
 11 13   0.005   1.006  -0.012 213.437 219.910 228.289   0.077
 11 14   0.005   0.997  -0.003 213.404 219.855 228.217   0.052
 11 15   0.001   1.000  -0.001 213.394 219.836 228.192   0.034
 11 16   0.000   0.999   0.001 213.382 219.827 228.187   0.034
 11 17   0.002   0.999  -0.001 213.374 219.836 228.202   0.056
 11 18   0.007   0.996  -0.002 213.365 219.853 228.243   0.084
 11 19   0.019   0.982   0.000 213.374 219.895 228.297   0.100
 11 20   0.028   0.981  -0.007 213.384 219.956 228.384   0.090
 11 21   0.046   0.967  -0.012 213.397 220.018 228.478   0.102
 11 22   0.060   0.970  -0.026 213.442 220.121 228.620   0.110
 11 23   0.082   0.956  -0.033 213.507 220.257 228.793   0.124
 11 24   0.104   0.947  -0.045 213.601 220.429 229.023   0.134
 11 25   0.138   0.919  -0.050 213.712 220.619 229.279   0.147
 11 26   0.170   0.906  -0.063 213.870 220.876 229.609   0.177
 11 27   0.217   0.862  -0.063 213.960 221.070 229.884   0.187
 11 28   0.268   0.822  -0.069 214.075 221.297 230.186   0.236
 11 29   0.328   0.776  -0.080 214.351 221.676 230.673   0.301
 11 30   0.407   0.712  -0.086 214.761 222.185 231.330   0.391

  12   3 228.189
  11  12  13
 12  1   0.465   0.620  -0.063 223.035 232.101 243.378   0.324
 12  2   0.352   0.753  -0.092 222.467 231.419 242.611   0.291
 12  3   0.291   0.787  -0.068 221.936 230.783 241.881   0.257
 12  4   0.230   0.857  -0.083 221.544 230.308 241.331   0.212
 12  5   0.188   0.880  -0.064 221.253 229.945 240.895   0.168
 12  6   0.156   0.883  -0.035 220.978 229.599 240.487   0.122
 12  7   0.147   0.851   0.008 220.716 229.278 240.102   0.140
 12  8   0.141   0.818   0.050 220.493 229.007 239.782   0.154
 12  9   0.111   0.846   0.048 220.317 228.785 239.516   0.162
 12 10   0.075   0.904   0.024 220.179 228.620 239.318   0.143
 12 11   0.052   0.923   0.024 220.069 228.478 239.144   0.144
 12 12   0.022   0.977  -0.001 219.985 228.370 239.017   0.121
 12 13   0.028   0.948   0.024 219.910 228.289 238.923   0.121
 12 14   0.019   0.958   0.022 219.855 228.217 238.833   0.076
 12 15   0.000   1.003  -0.003 219.836 228.192 238.805   0.045
 12 16   0.000   0.998   0.003 219.827 228.187 238.808   0.045
 12 17  -0.001   1.003  -0.002 219.836 228.202 238.835   0.085
 12 18   0.005   0.996   0.000 219.853 228.243 238.893   0.123
 12 19   0.014   0.987   0.001 219.895 228.297 238.968   0.136
 12 20   0.023   0.986  -0.007 219.956 228.384 239.080   0.121
 12 21   0.055   0.932   0.015 220.018 228.478 239.215   0.120
 12 22   0.066   0.945  -0.008 220.121 228.620 239.397   0.149
 12 23   0.096   0.905   0.003 220.257 228.793 239.616   0.155
 12 24   0.103   0.943  -0.042 220.429 229.023 239.899   0.147
 12 25   0.142   0.896  -0.033 220.619 229.279 240.226   0.152
 12 26   0.169   0.906  -0.064 220.876 229.609 240.618   0.186
 12 27   0.205   0.895  -0.085 221.070 229.884 240.965   0.222
 12 28   0.246   0.876  -0.104 221.297 230.186 241.348   0.302
 12 29   0.314   0.825  -0.116 221.676 230.673 241.924   0.378
 12 30   0.422   0.710  -0.092 222.185 231.330 242.692   0.494

  13   2 238.807
  12  13
 13  1   0.535   0.486 232.101 243.378   0.375
 13  2   0.431   0.588 231.419 242.611   0.329
 13  3   0.346   0.669 230.783 241.881   0.281
 13  4   0.295   0.714 230.308 241.331   0.236
 13  5   0.235   0.772 229.945 240.895   0.216
 13  6   0.176   0.830 229.599 240.487   0.195
 13  7   0.135   0.867 229.278 240.102   0.228
 13  8   0.104   0.899 229.007 239.782   0.259
 13  9   0.077   0.923 228.785 239.516   0.270
 13 10   0.060   0.939 228.620 239.318   0.241
 13 11   0.031   0.965 228.478 239.144   0.222
 13 12   0.024   0.974 228.370 239.017   0.157
 13 13   0.013   0.986 228.289 238.923   0.161
 13 14   0.009   0.989 228.217 238.833   0.126
 13 15   0.003   0.996 228.192 238.805   0.060
 13 16  -0.002   1.003 228.187 238.808   0.060
 13 17  -0.005   1.005 228.202 238.835   0.112
 13 18  -0.003   1.006 228.243 238.893   0.164
 13 19   0.001   1.003 228.297 238.968   0.177
 13 20   0.013   0.990 228.384 239.080   0.157
 13 21   0.024   0.979 228.478 239.215   0.144
 13 22   0.047   0.958 228.620 239.397   0.197
 13 23   0.061   0.944 228.793 239.616   0.198
 13 24   0.098   0.911 229.023 239.899   0.186
 13 25   0.127   0.883 229.279 240.226   0.162
 13 26   0.171   0.847 229.609 240.618   0.178
 13 27   0.229   0.797 229.884 240.965   0.258
 13 28   0.281   0.753 230.186 241.348   0.342
 13 29   0.366   0.676 230.673 241.924   0.430
 13 30   0.485   0.571 231.330 242.692   0.554

  14   3 249.655
  12  13  14
 14  1  -0.026   0.565   0.448 232.101 243.378 253.064   0.374
 14  2  -0.039   0.506   0.522 231.419 242.611 252.592   0.301
 14  3  -0.042   0.445   0.583 230.783 241.881 252.074   0.256
 14  4  -0.034   0.378   0.638 230.308 241.331 251.677   0.216
 14  5  -0.034   0.327   0.691 229.945 240.895 251.370   0.234
 14  6  -0.039   0.283   0.742 229.599 240.487 251.044   0.230
 14  7  -0.034   0.225   0.796 229.278 240.102 250.737   0.259
 14  8  -0.030   0.184   0.835 229.007 239.782 250.468   0.285
 14  9  -0.022   0.138   0.872 228.785 239.516 250.245   0.309
 14 10  -0.006   0.085   0.914 228.620 239.318 250.084   0.295
 14 11  -0.012   0.071   0.931 228.478 239.144 249.937   0.265
 14 12  -0.005   0.050   0.948 228.370 239.017 249.827   0.181
 14 13  -0.001   0.019   0.979 228.289 238.923 249.744   0.173
 14 14   0.007   0.006   0.983 228.217 238.833 249.669   0.153
 14 15   0.004   0.001   0.993 228.192 238.805 249.652   0.069
 14 16  -0.003   0.000   1.005 228.187 238.808 249.658   0.070
 14 17  -0.011   0.005   1.006 228.202 238.835 249.680   0.119
 14 18  -0.017   0.014   1.008 228.243 238.893 249.735   0.188
 14 19  -0.028   0.034   1.000 228.297 238.968 249.803   0.181
 14 20  -0.030   0.054   0.982 228.384 239.080 249.895   0.167
 14 21  -0.041   0.081   0.965 228.478 239.215 250.015   0.166
 14 22  -0.055   0.115   0.946 228.620 239.397 250.178   0.230
 14 23  -0.067   0.157   0.917 228.793 239.616 250.355   0.225
 14 24  -0.070   0.185   0.896 229.023 239.899 250.587   0.231
 14 25  -0.080   0.232   0.861 229.279 240.226 250.850   0.199
 14 26  -0.090   0.288   0.822 229.609 240.618 251.150   0.186
 14 27  -0.086   0.346   0.765 229.884 240.965 251.382   0.263
 14 28  -0.088   0.404   0.721 230.186 241.348 251.611   0.312
 14 29  -0.079   0.457   0.667 230.673 241.924 251.965   0.402
 14 30  -0.028   0.486   0.606 231.330 242.692 252.453   0.519

  15   2 257.521
   2  15
 15  1   0.137   0.958 224.951 254.772   2.021
 15  2   0.109   0.989 228.657 255.792   1.705
 15  3   0.081   1.010 231.229 256.540   1.606
 15  4   0.081   0.988 235.650 258.098   1.571
 15  5   0.071   0.994 237.114 258.522   1.524
 15  6   0.066   0.998 238.163 258.724   1.463
 15  7   0.051   0.996 239.130 258.913   1.101
 15  8   0.033   1.004 239.630 258.918   1.113
 15  9   0.028   1.004 239.748 258.738   0.954
 15 10   0.013   1.007 240.002 258.604   0.921
 15 11  -0.019   1.028 239.693 258.274   0.902
 15 12   0.012   0.995 239.468 257.849   0.792
 15 13  -0.003   1.003 239.789 257.762   0.725
 15 14  -0.007   0.999 239.802 257.735   0.638
 15 15  -0.017   1.013 239.399 257.505   0.500
 15 16   0.008   0.995 239.564 257.537   0.512
 15 17  -0.008   1.013 239.431 257.547   0.624
 15 18   0.010   1.000 239.832 257.817   0.737
 15 19   0.034   0.992 239.568 257.862   0.957
 15 20   0.032   0.996 239.825 258.195   0.904
 15 21   0.026   1.009 239.712 258.460   1.072
 15 22   0.049   0.995 239.554 258.642   1.297
 15 23   0.041   1.010 239.418 258.904   1.302
 15 24   0.053   1.002 238.947 259.064   1.287
 15 25   0.062   0.999 238.539 259.092   1.342
 15 26   0.066   1.004 237.252 258.827   1.612
 15 27   0.065   1.030 234.147 257.881   1.572
 15 28   0.059   1.032 231.691 257.110   1.553
 15 29   0.077   1.020 228.146 256.032   1.597
 15 30   0.129   1.000 221.767 253.991   1.981
