 
   9    5.00   845
   5  10  11  12  13  14
   1.2522   0.3320  -0.7664   0.3577   1.6391  -0.5670   3.2310
 
  10    7.00  2242
   5  10  11  12  13  14
   2.1210   0.5844  -1.7275   2.1090   0.4467  -0.4201   3.0839
 
  11   10.00  4915
   4  10  11  12  13
   2.2240  -0.0140  -0.5376   2.2044  -0.6627   2.5967
 
  12   15.00  7242
   4  10  11  12  13
   5.0936  -0.8149   1.8446   0.2142  -0.2650   2.1579
 
  13   20.00  9790
   4  10  11  12  13
   3.6293  -0.8699   2.6123  -0.7389  -0.0172   1.9049
 
  14   25.00 11358
   4   9  10  11  12
  15.0981  -0.6741   0.6337   1.6218  -0.6460   1.8415
 
  15   30.00 13219
   4   9  10  11  12
  17.2177  -0.7699   1.1793   1.0558  -0.5393   1.7528
 
  16   50.00 16311
   4   9  10  11  12
   2.0056  -0.2315   1.7935  -0.5584  -0.0116   1.7838
 
  17   60.00 17019
   4   8   9  10  11
  15.5160  -0.3306   0.7929   0.8768  -0.4064   1.8784
 
  18   70.00 17645
   4   8   9  10  11
  30.3298  -0.6397   1.7222  -0.0022  -0.2124   1.8869
 
  19   85.00 18128
   4   8   9  10  11
  49.9776  -0.9255   2.6671  -1.0284   0.0679   1.7561
 
  20  100.00 19248
   4   8   9  10  11
  44.5836  -0.7046   2.8465  -1.5609   0.2237   1.7083
 
  21  115.00 19248
   4   8   9  10  11
  26.3200  -0.2613   2.5808  -1.7247   0.2903   1.7804
 
  22  135.00 19248
   5   7   8   9  10  11
  36.4832  -0.8145   1.3896   1.3554  -1.4214   0.3377   1.8435
 
  23  150.00 19248
   5   7   8   9  10  11
   9.4068  -1.0029   2.2055   0.7204  -1.3024   0.3480   1.9098
 
  24  200.00 19248
   6   6   7   8   9  10  11
 -48.6195  -1.4354   1.1701   3.3953  -2.1009   0.1866   0.0315   2.1982
 
  25  250.00 19248
   6   6   7   8   9  10  11
 -45.1418  -1.2140   2.4053   1.5933  -2.3259   0.8447  -0.1041   2.2686
 
  26  300.00 19248
   6   6   7   8   9  10  11
 -19.2900   0.0497   2.1037  -0.5164  -1.2473   0.8369  -0.1799   2.0272
 
  27  350.00 19248
   6   6   7   8   9  10  11
 -14.6041   0.9963   1.5372  -1.5887  -0.3365   0.5632  -0.1524   1.7553
 
  28  400.00 19248
   6   6   7   8   9  10  11
 -17.6494   1.6501   0.9316  -1.9704   0.2686   0.2443  -0.0834   1.7095
 
  29  430.00 19248
   6   6   7   8   9  10  11
 -17.5733   1.9557   0.5661  -2.0338   0.5234   0.0808  -0.0439   1.6821
 
  30  475.00 19248
   6   6   7   8   9  10  11
 -15.3052   2.3300   0.0474  -2.0129   0.7973  -0.1166   0.0060   1.6874
 
  31  500.00 19248
   6   6   7   8   9  10  11
 -13.0035   2.5062  -0.2340  -1.9471   0.9031  -0.2119   0.0321   1.6953
 
  32  570.00 19248
   6   6   7   8   9  10  11
  -3.9508   2.8743  -0.8956  -1.7147   1.0991  -0.4277   0.0938   1.7409
 
  33  620.00 19248
   6   6   7   8   9  10  11
   1.5729   3.0666  -1.2786  -1.5211   1.1635  -0.5381   0.1266   1.8148
 
  34  670.00 19248
   6   6   7   8   9  10  11
   3.8204   3.2053  -1.5704  -1.3229   1.1742  -0.6165   0.1525   1.9021
 
  35  700.00 19248
   6   6   7   8   9  10  11
   3.4698   3.2813  -1.7238  -1.2103   1.1791  -0.6636   0.1685   2.0075
 
  36  780.00  5211
   7   5   6   7   8   9  10  11
 -52.7858   2.1727  -0.1857  -1.2126   0.1970   0.7026  -0.5016   0.0785   1.9860
 
  37  850.00  5211
   7   5   6   7   8   9  10  11
 -61.0505   2.6361  -1.0245  -1.2376   0.9373   0.4353  -0.5639   0.1140   2.4569
 
  38  920.00  5211
   7   5   6   7   8   9  10  11
 -57.8222   2.8650  -1.6626  -1.0487   1.4349   0.1377  -0.5695   0.1450   2.6161
 
  39  950.00  5211
   7   5   6   7   8   9  10  11
 -53.1188   2.8337  -1.7359  -0.9571   1.5137   0.0051  -0.5107   0.1439   2.5711
 
  40 1000.00  4812
   7   5   6   7   8   9  10  11
 -40.5499   2.6897  -1.7691  -0.6045   1.3568  -0.1724  -0.4068   0.1617   2.6726
