 
   1   2 174.268
   1   2
  1  1    .232   1.146 195.175 180.357   1.229
  1  2    .403    .905 193.030 179.863    .894
  1  3    .523    .745 191.390 179.497    .804
  1  4    .620    .611 189.850 178.876    .753
  1  5    .700    .496 188.231 177.944    .778
  1  6    .768    .400 186.528 176.728    .675
  1  7    .822    .312 184.711 175.252    .621
  1  8    .869    .229 182.875 173.644    .592
  1  9    .905    .173 180.982 171.930    .517
  1 10    .941    .117 179.275 170.328    .499
  1 11    .965    .071 177.719 168.865    .603
  1 12    .980    .040 176.372 167.596    .505
  1 13    .990    .018 175.363 166.598    .397
  1 14    .997    .008 174.624 165.849    .271
  1 15   1.001   -.002 174.274 165.488    .107
  1 16    .999    .002 174.262 165.463    .107
  1 17   1.000    .000 174.639 165.843    .227
  1 18    .994    .009 175.410 166.580    .267
  1 19    .988    .027 176.513 167.637    .345
  1 20    .975    .055 177.815 168.944    .368
  1 21    .959    .092 179.395 170.471    .424
  1 22    .933    .143 181.136 172.092    .465
  1 23    .901    .200 182.916 173.747    .595
  1 24    .857    .278 184.714 175.390    .630
  1 25    .800    .375 186.633 176.905    .705
  1 26    .728    .488 188.529 178.233    .781
  1 27    .651    .598 190.424 179.398    .934
  1 28    .548    .743 192.266 180.257    .964
  1 29    .421    .923 194.089 180.862   1.062
  1 30    .253   1.151 196.189 181.466   1.275
 
   2   2 165.475
   1   2
  2  1   -.538   1.819 195.175 180.357   1.362
  2  2   -.418   1.660 193.030 179.863    .968
  2  3   -.341   1.563 191.390 179.497    .853
  2  4   -.278   1.478 189.850 178.876    .772
  2  5   -.225   1.400 188.231 177.944    .777
  2  6   -.180   1.334 186.528 176.728    .675
  2  7   -.142   1.268 184.711 175.252    .613
  2  8   -.107   1.202 182.875 173.644    .555
  2  9   -.079   1.155 180.982 171.930    .485
  2 10   -.050   1.106 179.275 170.328    .475
  2 11   -.030   1.067 177.719 168.865    .563
  2 12   -.016   1.037 176.372 167.596    .463
  2 13   -.009   1.018 175.363 166.598    .364
  2 14   -.002   1.006 174.624 165.849    .245
  2 15    .001    .998 174.274 165.488    .098
  2 16   -.001   1.002 174.262 165.463    .098
  2 17   -.001   1.002 174.639 165.843    .213
  2 18   -.006   1.010 175.410 166.580    .243
  2 19   -.012   1.027 176.513 167.637    .310
  2 20   -.024   1.054 177.815 168.944    .320
  2 21   -.038   1.088 179.395 170.471    .380
  2 22   -.060   1.131 181.136 172.092    .418
  2 23   -.085   1.181 182.916 173.747    .542
  2 24   -.119   1.245 184.714 175.390    .575
  2 25   -.162   1.322 186.633 176.905    .663
  2 26   -.215   1.406 188.529 178.233    .732
  2 27   -.268   1.482 190.424 179.398    .870
  2 28   -.338   1.580 192.266 180.257    .921
  2 29   -.427   1.701 194.089 180.862   1.061
  2 30   -.547   1.857 196.189 181.466   1.339
 
   3   3 224.821
   3   4   5
  3  1   1.820  -1.553    .254 242.899 251.144 239.509    .812
  3  2   1.670  -1.134    .076 241.014 252.386 241.610    .687
  3  3   1.571   -.872   -.004 239.273 253.241 243.351    .625
  3  4   1.484   -.671   -.050 237.657 253.833 244.825    .543
  3  5   1.402   -.516   -.069 236.334 254.347 246.176    .487
  3  6   1.346   -.452   -.017 234.943 254.614 247.251    .420
  3  7   1.277   -.357   -.009 233.381 254.637 248.100    .377
  3  8   1.226   -.321    .044 231.788 254.502 248.742    .320
  3  9   1.176   -.256    .048 230.223 254.294 249.278    .267
  3 10   1.135   -.206    .062 228.761 254.077 249.727    .248
  3 11   1.101   -.176    .081 227.542 253.854 250.075    .257
  3 12   1.071   -.158    .104 226.474 253.643 250.352    .215
  3 13   1.039   -.105    .078 225.676 253.456 250.550    .179
  3 14   1.013   -.043    .035 225.131 253.333 250.687    .127
  3 15    .997    .009   -.009 224.819 253.266 250.749    .049
  3 16   1.002   -.007    .007 224.823 253.264 250.744    .049
  3 17   1.012   -.028    .020 225.059 253.311 250.673    .110
  3 18   1.018   -.017   -.006 225.628 253.424 250.528    .143
  3 19   1.032    .012   -.062 226.426 253.611 250.320    .155
  3 20   1.072   -.018   -.073 227.469 253.818 250.042    .185
  3 21   1.135   -.139   -.004 228.799 254.036 249.667    .238
  3 22   1.185   -.198   -.006 230.219 254.230 249.203    .279
  3 23   1.248   -.298    .018 231.750 254.413 248.632    .336
  3 24   1.342   -.465    .087 233.337 254.525 247.949    .384
  3 25   1.416   -.601    .123 234.804 254.485 247.067    .453
  3 26   1.500   -.760    .163 236.122 254.153 245.917    .528
  3 27   1.582   -.939    .213 237.448 253.596 244.460    .604
  3 28   1.663  -1.115    .232 238.858 252.874 242.887    .686
  3 29   1.775  -1.386    .305 240.459 251.892 240.987    .777
  3 30   1.920  -1.766    .428 242.153 250.478 238.667    .910
 
   4   3 253.265
   3   4   5
  4  1    .308    .986   -.452 242.899 251.144 239.509    .215
  4  2    .255   1.057   -.450 241.014 252.386 241.610    .194
  4  3    .214   1.086   -.412 239.273 253.241 243.351    .171
  4  4    .177   1.085   -.347 237.657 253.833 244.825    .152
  4  5    .145   1.081   -.290 236.334 254.347 246.176    .138
  4  6    .119   1.065   -.229 234.943 254.614 247.251    .125
  4  7    .092   1.050   -.174 233.381 254.637 248.100    .114
  4  8    .070   1.042   -.136 231.788 254.502 248.742    .102
  4  9    .052   1.034   -.104 230.223 254.294 249.278    .089
  4 10    .039   1.013   -.060 228.761 254.077 249.727    .076
  4 11    .030   1.001   -.034 227.542 253.854 250.075    .072
  4 12    .020    .991   -.010 226.474 253.643 250.352    .061
  4 13    .011    .993   -.003 225.676 253.456 250.550    .049
  4 14    .004    .993    .004 225.131 253.333 250.687    .041
  4 15   -.001   1.004   -.004 224.819 253.266 250.749    .020
  4 16    .000    .996    .004 224.823 253.264 250.744    .020
  4 17    .002   1.003   -.006 225.059 253.311 250.673    .041
  4 18    .002   1.020   -.027 225.628 253.424 250.528    .059
  4 19    .009   1.038   -.055 226.426 253.611 250.320    .058
  4 20    .018   1.049   -.078 227.469 253.818 250.042    .068
  4 21    .036   1.046   -.093 228.799 254.036 249.667    .083
  4 22    .053   1.053   -.122 230.219 254.230 249.203    .096
  4 23    .070   1.059   -.153 231.750 254.413 248.632    .111
  4 24    .102   1.046   -.174 233.337 254.525 247.949    .124
  4 25    .129   1.035   -.196 234.804 254.485 247.067    .142
  4 26    .165   1.006   -.209 236.122 254.153 245.917    .164
  4 27    .198   1.003   -.255 237.448 253.596 244.460    .176
  4 28    .234    .993   -.302 238.858 252.874 242.887    .194
  4 29    .277    .966   -.345 240.459 251.892 240.987    .206
  4 30    .330    .920   -.384 242.153 250.478 238.667    .231
 
   5   3 250.746
   4   5   6
  5  1    .522    .624   -.198 251.144 239.509 225.122    .115
  5  2    .511    .577   -.135 252.386 241.610 227.018    .086
  5  3    .445    .627   -.109 253.241 243.351 228.571    .067
  5  4    .454    .564   -.031 253.833 244.825 229.890    .060
  5  5    .386    .624   -.008 254.347 246.176 231.209    .052
  5  6    .293    .726   -.012 254.614 247.251 232.350    .059
  5  7    .169    .877   -.039 254.637 248.100 233.295    .054
  5  8    .111    .932   -.039 254.502 248.742 234.088    .058
  5  9    .065    .976   -.040 254.294 249.278 234.745    .058
  5 10    .044    .984   -.024 254.077 249.727 235.312    .054
  5 11    .036    .980   -.014 253.854 250.075 235.810    .045
  5 12    .008   1.009   -.019 253.643 250.352 236.192    .032
  5 13    .002   1.009   -.014 253.456 250.550 236.481    .029
  5 14    .002   1.001   -.003 253.333 250.687 236.679    .025
  5 15   -.001   1.003   -.003 253.266 250.749 236.756    .015
  5 16    .001    .997    .003 253.264 250.744 236.750    .015
  5 17   -.007   1.016   -.012 253.311 250.673 236.659    .034
  5 18   -.033   1.066   -.046 253.424 250.528 236.458    .047
  5 19    .018    .997   -.017 253.611 250.320 236.165    .044
  5 20   -.006   1.048   -.049 253.818 250.042 235.777    .047
  5 21    .018   1.031   -.056 254.036 249.667 235.296    .058
  5 22    .065    .979   -.045 254.230 249.203 234.690    .057
  5 23    .114    .929   -.037 254.413 248.632 233.994    .058
  5 24    .238    .772    .006 254.525 247.949 233.168    .052
  5 25    .362    .617    .047 254.485 247.067 232.161    .054
  5 26    .492    .453    .085 254.153 245.917 230.927    .056
  5 27    .494    .494    .021 253.596 244.460 229.435    .059
  5 28    .435    .638   -.085 252.874 242.887 227.870    .065
  5 29    .451    .669   -.146 251.892 240.987 226.140    .078
  5 30    .460    .724   -.223 250.478 238.667 224.152    .086
 
   6   2 237.444
   5   6
  6  1    .769    .237 240.412 225.101    .102
  6  2    .643    .355 242.622 227.136    .090
  6  3    .535    .467 244.509 228.803    .096
  6  4    .439    .567 246.096 230.208    .094
  6  5    .356    .654 247.564 231.604    .109
  6  6    .281    .732 248.756 232.813    .124
  6  7    .215    .805 249.692 233.806    .103
  6  8    .155    .868 250.433 234.647    .108
  6  9    .112    .906 251.046 235.337    .087
  6 10    .076    .939 251.555 235.931    .069
  6 11    .047    .965 251.968 236.460    .069
  6 12    .026    .983 252.295 236.863    .059
  6 13    .011    .994 252.518 237.168    .050
  6 14    .004    .998 252.662 237.367    .043
  6 15    .000   1.000 252.733 237.448    .016
  6 16    .000   1.000 252.724 237.441    .016
  6 17    .004    .998 252.650 237.346    .043
  6 18    .013    .990 252.495 237.143    .058
  6 19    .032    .971 252.245 236.829    .060
  6 20    .053    .956 251.919 236.419    .053
  6 21    .082    .928 251.471 235.908    .066
  6 22    .119    .892 250.938 235.269    .073
  6 23    .161    .857 250.285 234.539    .080
  6 24    .214    .804 249.517 233.669    .087
  6 25    .276    .745 248.519 232.606    .097
  6 26    .346    .679 247.259 231.312    .087
  6 27    .431    .590 245.665 229.738    .098
  6 28    .526    .495 243.986 228.090    .096
  6 29    .636    .387 241.996 226.259    .080
  6 30    .763    .256 239.534 224.146    .087
 
   7   2 225.916
   6   8
  7  1    .995    .020 225.101 211.471    .116
  7  2    .896    .115 227.136 212.152    .074
  7  3    .816    .187 228.803 212.846    .095
  7  4    .754    .244 230.208 213.522    .095
  7  5    .708    .291 231.604 214.358    .111
  7  6    .667    .330 232.813 215.006    .134
  7  7    .639    .367 233.806 215.559    .128
  7  8    .612    .398 234.647 216.012    .144
  7  9    .585    .421 235.337 216.408    .139
  7 10    .565    .442 235.931 216.789    .140
  7 11    .548    .459 236.460 217.086    .145
  7 12    .532    .471 236.863 217.328    .149
  7 13    .524    .481 237.168 217.515    .152
  7 14    .519    .487 237.367 217.666    .155
  7 15    .515    .490 237.448 217.725    .142
  7 16    .515    .489 237.441 217.716    .141
  7 17    .517    .486 237.346 217.652    .142
  7 18    .521    .478 237.143 217.504    .153
  7 19    .528    .467 236.829 217.303    .154
  7 20    .545    .456 236.419 217.060    .144
  7 21    .562    .439 235.908 216.740    .137
  7 22    .582    .419 235.269 216.358    .131
  7 23    .611    .397 234.539 215.917    .122
  7 24    .638    .367 233.669 215.435    .114
  7 25    .675    .335 232.606 214.835    .115
  7 26    .719    .297 231.312 214.106    .099
  7 27    .772    .251 229.738 213.184    .096
  7 28    .834    .194 228.090 212.337    .079
  7 29    .906    .122 226.259 211.460    .074
  7 30   1.006    .026 224.146 210.624    .087
 
   8   3 217.720
   8   9  10
  8  1   2.114  -1.825    .718 211.471 210.160 215.872    .301
  8  2   1.858  -1.339    .498 212.152 209.923 215.301    .231
  8  3   1.651   -.969    .330 212.846 209.655 214.722    .191
  8  4   1.481   -.700    .221 213.522 209.469 214.295    .164
  8  5   1.388   -.536    .153 214.358 209.472 214.036    .137
  8  6   1.302   -.399    .100 215.006 209.462 213.802    .125
  8  7   1.244   -.305    .070 215.559 209.456 213.609    .098
  8  8   1.192   -.228    .049 216.012 209.437 213.431    .099
  8  9   1.133   -.154    .027 216.408 209.445 213.272    .080
  8 10   1.090   -.103    .017 216.789 209.465 213.186    .084
  8 11   1.070   -.066    .003 217.086 209.513 213.097    .090
  8 12   1.030   -.029   -.002 217.328 209.534 213.034    .093
  8 13   1.020   -.016   -.002 217.515 209.568 213.009    .063
  8 14   1.002   -.010    .008 217.666 209.611 213.020    .070
  8 15    .999   -.003    .004 217.725 209.618 213.003    .046
  8 16    .999    .003   -.003 217.716 209.612 212.990    .046
  8 17   1.003    .001   -.006 217.652 209.572 212.978    .067
  8 18   1.011   -.002   -.013 217.504 209.529 212.968    .106
  8 19   1.013   -.017   -.008 217.303 209.493 212.981    .127
  8 20   1.054   -.052   -.005 217.060 209.445 213.011    .134
  8 21   1.086   -.097    .010 216.740 209.409 213.063    .113
  8 22   1.119   -.145    .025 216.358 209.341 213.137    .107
  8 23   1.193   -.225    .044 215.917 209.258 213.240    .090
  8 24   1.258   -.307    .062 215.435 209.212 213.366    .102
  8 25   1.322   -.415    .107 214.835 209.152 213.514    .117
  8 26   1.425   -.565    .162 214.106 209.068 213.637    .141
  8 27   1.551   -.767    .248 213.184 209.001 213.784    .175
  8 28   1.727  -1.038    .352 212.337 208.966 214.025    .192
  8 29   1.924  -1.385    .496 211.460 209.041 214.383    .230
  8 30   2.151  -1.869    .742 210.624 209.281 214.935    .286
 
   9   3 209.615
   8   9  10
  9  1    .461    .825   -.240 211.471 210.160 215.872    .241
  9  2    .296    .948   -.212 212.152 209.923 215.301    .248
  9  3    .188   1.027   -.201 212.846 209.655 214.722    .209
  9  4    .110   1.070   -.184 213.522 209.469 214.295    .152
  9  5    .098   1.055   -.152 214.358 209.472 214.036    .139
  9  6    .075   1.057   -.136 215.006 209.462 213.802    .140
  9  7    .068   1.039   -.104 215.559 209.456 213.609    .097
  9  8    .066   1.025   -.084 216.012 209.437 213.431    .109
  9  9    .036   1.035   -.073 216.408 209.445 213.272    .098
  9 10    .015   1.028   -.047 216.789 209.465 213.186    .092
  9 11    .030   1.020   -.047 217.086 209.513 213.097    .114
  9 12    .007   1.022   -.031 217.328 209.534 213.034    .110
  9 13    .009   1.013   -.022 217.515 209.568 213.009    .083
  9 14   -.011   1.000    .007 217.666 209.611 213.020    .087
  9 15    .000    .995    .006 217.725 209.618 213.003    .067
  9 16   -.002   1.005   -.006 217.716 209.612 212.990    .067
  9 17    .009   1.013   -.021 217.652 209.572 212.978    .103
  9 18    .008   1.029   -.041 217.504 209.529 212.968    .160
  9 19   -.008   1.037   -.042 217.303 209.493 212.981    .182
  9 20    .017   1.035   -.056 217.060 209.445 213.011    .181
  9 21    .024   1.029   -.057 216.740 209.409 213.063    .128
  9 22    .042   1.032   -.074 216.358 209.341 213.137    .127
  9 23    .083   1.018   -.087 215.917 209.258 213.240    .109
  9 24    .115   1.022   -.120 215.435 209.212 213.366    .117
  9 25    .130   1.023   -.136 214.835 209.152 213.514    .115
  9 26    .170   1.010   -.157 214.106 209.068 213.637    .124
  9 27    .261    .945   -.157 213.184 209.001 213.784    .200
  9 28    .359    .881   -.175 212.337 208.966 214.025    .241
  9 29    .462    .808   -.199 211.460 209.041 214.383    .224
  9 30    .644    .611   -.161 210.624 209.281 214.935    .313
 
  10   3 212.997
   9  10  11
 10  1    .490    .584   -.072 210.160 215.872 223.727    .216
 10  2    .371    .712   -.075 209.923 215.301 223.026    .239
 10  3    .285    .816   -.095 209.655 214.722 222.370    .198
 10  4    .239    .843   -.081 209.469 214.295 221.825    .137
 10  5    .174    .916   -.090 209.472 214.036 221.467    .120
 10  6    .145    .927   -.077 209.462 213.802 221.151    .133
 10  7    .082   1.003   -.087 209.456 213.609 220.867    .083
 10  8    .075    .977   -.053 209.437 213.431 220.610    .102
 10  9    .063    .977   -.045 209.445 213.272 220.375    .109
 10 10    .040    .992   -.034 209.465 213.186 220.226    .094
 10 11    .007   1.034   -.045 209.513 213.097 220.073    .132
 10 12   -.017   1.064   -.052 209.534 213.034 219.970    .120
 10 13   -.003   1.025   -.026 209.568 213.009 219.902    .100
 10 14   -.001   1.004   -.003 209.611 213.020 219.884    .076
 10 15    .014    .971    .017 209.618 213.003 219.864    .066
 10 16   -.004   1.010   -.009 209.612 212.990 219.845    .066
 10 17    .032    .954    .012 209.572 212.978 219.850    .116
 10 18    .066    .908    .022 209.529 212.968 219.872    .171
 10 19    .068    .915    .013 209.493 212.981 219.922    .182
 10 20    .075    .916    .005 209.445 213.011 219.988    .191
 10 21    .067    .943   -.012 209.409 213.063 220.100    .128
 10 22    .099    .905   -.005 209.341 213.137 220.244    .134
 10 23    .111    .907   -.015 209.258 213.240 220.412    .132
 10 24    .177    .816    .008 209.212 213.366 220.619    .128
 10 25    .164    .883   -.046 209.152 213.514 220.856    .108
 10 26    .202    .857   -.058 209.068 213.637 221.054    .123
 10 27    .220    .864   -.073 209.001 213.784 221.274    .217
 10 28    .311    .747   -.046 208.966 214.025 221.610    .251
 10 29    .390    .682   -.064 209.041 214.383 222.055    .218
 10 30    .483    .572   -.043 209.281 214.935 222.700    .317
 
  11   3 219.854
  10  11  12
 11  1    .445    .687   -.123 215.872 223.727 233.415    .209
 11  2    .326    .819   -.133 215.301 223.026 232.564    .226
 11  3    .265    .867   -.123 214.722 222.370 231.803    .174
 11  4    .220    .873   -.088 214.295 221.825 231.183    .139
 11  5    .184    .884   -.066 214.036 221.467 230.728    .106
 11  6    .156    .885   -.044 213.802 221.151 230.344    .115
 11  7    .117    .927   -.047 213.609 220.867 229.991    .097
 11  8    .090    .933   -.025 213.431 220.610 229.681    .122
 11  9    .079    .924   -.009 213.272 220.375 229.418    .138
 11 10    .055    .943    .000 213.186 220.226 229.223    .110
 11 11    .045    .947    .005 213.097 220.073 229.025    .144
 11 12    .037    .951    .008 213.034 219.970 228.900    .132
 11 13    .028    .955    .013 213.009 219.902 228.807    .129
 11 14    .002   1.000   -.002 213.020 219.884 228.762    .060
 11 15   -.004   1.007   -.001 213.003 219.864 228.738    .052
 11 16    .007    .985    .006 212.990 219.845 228.723    .052
 11 17    .019    .960    .019 212.978 219.850 228.747    .095
 11 18    .027    .954    .015 212.968 219.872 228.791    .131
 11 19    .042    .931    .025 212.981 219.922 228.859    .141
 11 20    .052    .933    .012 213.011 219.988 228.942    .166
 11 21    .057    .944    .000 213.063 220.100 229.086    .130
 11 22    .068    .948   -.013 213.137 220.244 229.271    .146
 11 23    .079    .967   -.041 213.240 220.412 229.461    .171
 11 24    .118    .907   -.020 213.366 220.619 229.726    .155
 11 25    .137    .935   -.065 213.514 220.856 230.012    .136
 11 26    .180    .904   -.078 213.637 221.054 230.252    .157
 11 27    .194    .940   -.120 213.784 221.274 230.530    .229
 11 28    .261    .863   -.109 214.025 221.610 230.929    .237
 11 29    .351    .767   -.106 214.383 222.055 231.479    .202
 11 30    .422    .720   -.123 214.935 222.700 232.240    .290
 
  12   3 228.731
  11  12  13
 12  1    .436    .723   -.153 223.727 233.415 244.705    .294
 12  2    .284    .904   -.182 223.026 232.564 243.765    .274
 12  3    .235    .916   -.145 222.370 231.803 242.952    .223
 12  4    .184    .942   -.118 221.825 231.183 242.275    .274
 12  5    .166    .890   -.051 221.467 230.728 241.751    .219
 12  6    .136    .889   -.025 221.151 230.344 241.322    .144
 12  7    .120    .882   -.004 220.867 229.991 240.900    .161
 12  8    .084    .905    .008 220.610 229.681 240.539    .172
 12  9    .069    .916    .009 220.375 229.418 240.248    .178
 12 10    .033    .971   -.007 220.226 229.223 240.011    .152
 12 11    .044    .929    .025 220.073 229.025 239.780    .142
 12 12    .035    .933    .028 219.970 228.900 239.640    .127
 12 13    .034    .911    .051 219.902 228.807 239.517    .149
 12 14    .008    .981    .009 219.884 228.762 239.451    .086
 12 15   -.003   1.009   -.006 219.864 228.738 239.420    .040
 12 16    .003    .992    .005 219.845 228.723 239.414    .040
 12 17    .000   1.011   -.009 219.850 228.747 239.449    .106
 12 18   -.003   1.033   -.029 219.872 228.791 239.516    .122
 12 19    .013    .999   -.007 219.922 228.859 239.595    .169
 12 20    .024   1.003   -.023 219.988 228.942 239.697    .144
 12 21    .033   1.007   -.033 220.100 229.086 239.852    .196
 12 22    .036   1.028   -.055 220.244 229.271 240.065    .183
 12 23    .047   1.052   -.091 220.412 229.461 240.280    .228
 12 24    .068   1.025   -.083 220.619 229.726 240.586    .225
 12 25    .099   1.032   -.122 220.856 230.012 240.903    .249
 12 26    .159    .957   -.109 221.054 230.252 241.185    .256
 12 27    .158   1.031   -.178 221.274 230.530 241.488    .248
 12 28    .237    .912   -.140 221.610 230.929 241.928    .228
 12 29    .351    .770   -.112 222.055 231.479 242.552    .241
 12 30    .422    .745   -.152 222.700 232.240 243.342    .272
 
  13   2 239.417
  12  13
 13  1    .486    .514 233.415 244.705    .410
 13  2    .369    .633 232.564 243.765    .364
 13  3    .315    .693 231.803 242.952    .310
 13  4    .281    .733 231.183 242.275    .384
 13  5    .178    .829 230.728 241.751    .324
 13  6    .129    .875 230.344 241.322    .228
 13  7    .085    .911 229.991 240.900    .203
 13  8    .044    .950 229.681 240.539    .203
 13  9    .055    .940 229.418 240.248    .186
 13 10    .037    .961 229.223 240.011    .200
 13 11    .015    .980 229.025 239.780    .188
 13 12    .001    .995 228.900 239.640    .150
 13 13   -.038   1.032 228.807 239.517    .170
 13 14   -.010   1.005 228.762 239.451    .151
 13 15    .001    .997 228.738 239.420    .092
 13 16    .005    .996 228.723 239.414    .092
 13 17    .045    .964 228.747 239.449    .219
 13 18    .068    .943 228.791 239.516    .285
 13 19    .060    .956 228.859 239.595    .298
 13 20    .086    .929 228.942 239.697    .224
 13 21    .092    .922 229.086 239.852    .277
 13 22    .116    .900 229.271 240.065    .221
 13 23    .145    .870 229.461 240.280    .279
 13 24    .176    .843 229.726 240.586    .290
 13 25    .215    .799 230.012 240.903    .346
 13 26    .235    .774 230.252 241.185    .326
 13 27    .277    .732 230.530 241.488    .274
 13 28    .297    .707 230.929 241.928    .244
 13 29    .370    .632 231.479 242.552    .316
 13 30    .475    .530 232.240 243.342    .346
 
  14   3 250.031
  12  13  14
 14  1   -.115    .611    .495 233.415 244.705 253.938    .408
 14  2   -.158    .598    .550 232.564 243.765 253.344    .381
 14  3   -.123    .493    .630 231.803 242.952 252.798    .331
 14  4   -.078    .427    .659 231.183 242.275 252.316    .354
 14  5   -.116    .383    .735 230.728 241.751 251.942    .300
 14  6   -.101    .323    .781 230.344 241.322 251.635    .261
 14  7   -.078    .211    .864 229.991 240.900 251.296    .212
 14  8   -.073    .169    .898 229.681 240.539 251.002    .199
 14  9   -.029    .121    .905 229.418 240.248 250.760    .143
 14 10   -.015    .059    .954 229.223 240.011 250.554    .176
 14 11   -.007    .031    .974 229.025 239.780 250.362    .222
 14 12   -.006    .023    .983 228.900 239.640 250.246    .185
 14 13   -.031    .027   1.001 228.807 239.517 250.140    .157
 14 14   -.001   -.018   1.014 228.762 239.451 250.069    .191
 14 15    .015   -.038   1.023 228.738 239.420 250.039    .122
 14 16   -.007    .032    .975 228.723 239.414 250.022    .122
 14 17    .024    .044    .940 228.747 239.449 250.057    .265
 14 18    .036    .044    .932 228.791 239.516 250.116    .346
 14 19    .014    .081    .920 228.859 239.595 250.176    .322
 14 20    .009    .116    .889 228.942 239.697 250.253    .280
 14 21   -.003    .120    .893 229.086 239.852 250.365    .254
 14 22   -.010    .144    .878 229.271 240.065 250.536    .193
 14 23   -.033    .206    .836 229.461 240.280 250.693    .254
 14 24   -.024    .227    .808 229.726 240.586 250.929    .247
 14 25   -.050    .278    .779 230.012 240.903 251.145    .303
 14 26   -.077    .337    .741 230.252 241.185 251.321    .280
 14 27   -.121    .442    .675 230.530 241.488 251.436    .267
 14 28   -.155    .512    .631 230.929 241.928 251.672    .288
 14 29   -.141    .570    .562 231.479 242.552 252.048    .337
 14 30   -.133    .659    .461 232.240 243.342 252.438    .410
 
  15   2 225.010
   2  15
 15  1    .303    .627 180.357 240.582   1.243
 15  2    .267    .696 179.863 239.444   1.095
 15  3    .243    .755 179.497 238.449    .955
 15  4    .216    .806 178.876 237.460    .858
 15  5    .186    .850 177.944 236.377    .771
 15  6    .159    .886 176.728 235.180    .664
 15  7    .130    .914 175.252 233.798    .614
 15  8    .103    .937 173.644 232.321    .595
 15  9    .079    .953 171.930 230.777    .543
 15 10    .058    .971 170.328 229.350    .473
 15 11    .042    .982 168.865 228.033    .439
 15 12    .022    .990 167.596 226.910    .398
 15 13    .013    .994 166.598 225.992    .327
 15 14    .002    .999 165.849 225.363    .218
 15 15    .000   1.000 165.488 225.006    .091
 15 16    .000   1.000 165.463 225.014    .091
 15 17    .006   1.000 165.843 225.313    .194
 15 18    .010    .997 166.580 225.967    .306
 15 19    .022    .995 167.637 226.911    .344
 15 20    .041    .991 168.944 228.093    .403
 15 21    .065    .984 170.471 229.490    .447
 15 22    .086    .972 172.092 231.051    .526
 15 23    .113    .953 173.747 232.656    .570
 15 24    .150    .929 175.390 234.270    .644
 15 25    .176    .900 176.905 235.851    .764
 15 26    .209    .863 178.233 237.250    .877
 15 27    .237    .820 179.398 238.548    .962
 15 28    .265    .771 180.257 239.791   1.014
 15 29    .300    .711 180.862 240.872   1.116
 15 30    .337    .639 181.466 241.979   1.285
