 
   1     .10 6442
   6   8   9  10  11  12  13
  187.938     .074     .282    -.241     .181    -.737     .671    7.351
 
   2     .20 6442
   6   8   9  10  11  12  13
  195.548     .081     .276    -.231     .191    -.782     .706    7.614
 
   3     .50 6442
   6   8   9  10  11  12  13
  117.174     .312     .016    -.014     .093    -.859    1.045    6.018
 
   4    1.00 6442
   6   8   9  10  11  12  13
   42.123     .398    -.243     .301    -.286   -1.042    1.763    5.498
 
   5    1.50 6442
   6   8   9  10  11  12  13
    5.126     .324    -.395     .481    -.316   -1.168    2.096    5.036
 
   6    2.00 6442
   6   8   9  10  11  12  13
  -11.384     .226    -.364     .541    -.487    -.974    2.127    4.295
 
   7    3.00 6442
   6   8   9  10  11  12  13
  -27.662     .118    -.142     .332    -.568    -.432    1.806    3.394
 
   8    4.00 6442
   6   8   9  10  11  12  13
  -24.060     .030     .069     .160    -.772     .287    1.316    2.963
 
   9    5.00 6442
   6   8   9  10  11  12  13
  -17.453    -.101     .298    -.108    -.717     .839     .850    2.715
 
  10    7.00 6442
   6   8   9  10  11  12  13
   -8.997    -.198     .410    -.477    -.227    1.318     .202    2.422
 
  11   10.00 6442
   6   8   9  10  11  12  13
  -11.687    -.086     .273    -.727     .568    1.294    -.272    2.082
 
  12   15.00 6442
   6   8   9  10  11  12  13
   -3.594     .032    -.130    -.458    1.321     .623    -.370    1.765
 
  13   20.00 6442
   6   8   9  10  11  12  13
   -1.476     .111    -.462     .112    1.395     .129    -.276    1.632
 
  14   25.00 6442
   6   8   9  10  11  12  13
   -1.460     .161    -.639     .588    1.257    -.198    -.159    1.579
 
  15   30.00 6442
   6   8   9  10  11  12  13
    2.622     .148    -.723    1.042     .946    -.370    -.053    1.525
 
  16   50.00 6442
   6   8   9  10  11  12  13
   -6.954     .096    -.286    1.431     .119    -.396     .066    1.569
 
  17   60.00 6442
   6   8   9  10  11  12  13
   -9.559    -.052     .222    1.248    -.166    -.273     .065    1.728
 
  18   70.00 6442
   6   8   9  10  11  12  13
   -5.835    -.315     .878     .951    -.412    -.132     .060    1.888
 
  19   85.00 6442
   6   8   9  10  11  12  13
   12.691    -.747    2.034     .094    -.544     .054     .057    1.891
 
  20  100.00 6442
   6   8   9  10  11  12  13
   25.036    -.785    2.737    -.756    -.579     .255     .022    1.794
 
  21  115.00 6442
   7   7   8   9  10  11  12  13
   41.885    -.674     .545    1.974    -.913    -.369     .222     .036    1.405
 
  22  135.00 6442
   7   7   8   9  10  11  12  13
   47.173   -1.201    1.816    1.196   -1.056    -.185     .176     .054    1.673
 
  23  150.00 6442
   7   7   8   9  10  11  12  13
   45.808   -1.493    2.621     .675   -1.108    -.096     .134     .074    2.141
 
  24  200.00 6442
   7   7   8   9  10  11  12  13
  -51.415   -1.557    4.740   -1.904    -.265     .367    -.079    -.065    2.334
 
  25  250.00 6442
   7   7   8   9  10  11  12  13
  -34.699     .179    2.551   -1.963     .162     .388    -.070    -.114    2.045
 
  26  300.00 6442
   7   7   8   9  10  11  12  13
  -20.988    2.098    -.304   -1.216     .463     .126    -.054    -.059    1.847
 
  27  350.00 6442
   8   6   7   8   9  10  11  12  13
  -15.209     .797    1.513   -1.047    -.570     .406     .008    -.040    -.037    1.405
 
  28  400.00 6442
   8   6   7   8   9  10  11  12  13
  -12.014    1.379    1.139   -1.669    -.034     .334    -.088    -.026    -.014    1.558
 
  29  430.00 6442
   8   6   7   8   9  10  11  12  13
   -6.863    1.617     .849   -1.758     .158     .266    -.096    -.023    -.005    1.430
 
  30  475.00 6442
   8   6   7   8   9  10  11  12  13
    2.541    1.924     .453   -1.863     .428     .150    -.107    -.006     .003    1.500
 
  31  500.00 6442
   8   6   7   8   9  10  11  12  13
    7.243    2.071     .263   -1.913     .561     .091    -.120     .008     .007    1.638
 
  32  570.00 6442
   8   6   7   8   9  10  11  12  13
    9.037    2.444    -.317   -1.789     .770    -.047    -.143     .049     .012    1.460
 
  33  620.00 6442
   8   6   7   8   9  10  11  12  13
    6.578    2.704    -.710   -1.688     .905    -.146    -.151     .075     .011    1.565
 
  34  670.00 6442
   8   6   7   8   9  10  11  12  13
    1.195    2.969   -1.102   -1.577    1.031    -.240    -.152     .097     .009    1.827
 
  35  700.00 6442
   8   6   7   8   9  10  11  12  13
   -2.725    3.123   -1.334   -1.501    1.094    -.288    -.152     .113     .005    2.027
 
  36  780.00 6442
   8   6   7   8   9  10  11  12  13
  -45.630    3.732   -2.120   -1.281    1.388    -.443    -.158     .112     .026    2.369
 
  37  850.00 6442
   8   6   7   8   9  10  11  12  13
  -86.083    4.297   -2.860   -1.043    1.634    -.590    -.177     .093     .079    3.190
 
  38  920.00 6442
   8   6   7   8   9  10  11  12  13
 -124.369    4.650   -3.428    -.510    1.455    -.645    -.170     .097     .151    3.614
 
  39  950.00 6442
   8   6   7   8   9  10  11  12  13
 -141.711    4.791   -3.655    -.291    1.386    -.668    -.170     .102     .181    4.155
 
  40 1000.00 6442
   8   6   7   8   9  10  11  12  13
 -169.478    5.023   -4.031     .067    1.277    -.706    -.169     .109     .229    5.289
