
   1   2 278.015
   1   2
  1  1   1.022  -0.007 273.682 272.021   1.485
  1  2   0.569   0.530 275.226 273.857   0.913
  1  3   0.669   0.397 276.412 275.063   0.745
  1  4   0.576   0.510 277.328 275.925   0.685
  1  5   0.864   0.165 277.819 276.351   0.663
  1  6   0.966   0.057 278.143 276.593   0.613
  1  7   0.910   0.119 278.397 276.860   0.580
  1  8   1.111  -0.122 278.423 276.839   0.675
  1  9   1.072  -0.062 278.407 276.803   0.521
  1 10   1.084  -0.089 278.382 276.783   0.386
  1 11   0.996   0.008 278.274 276.676   0.412
  1 12   1.066  -0.071 278.166 276.599   0.513
  1 13   1.071  -0.075 278.055 276.478   0.529
  1 14   1.054  -0.055 277.968 276.371   0.398
  1 15   1.055  -0.066 278.007 276.402   0.228
  1 16   0.993   0.008 278.023 276.412   0.233
  1 17   0.963   0.035 278.043 276.466   0.466
  1 18   0.982   0.019 278.152 276.573   0.615
  1 19   0.941   0.075 278.289 276.679   0.462
  1 20   0.977   0.038 278.392 276.826   0.397
  1 21   1.002   0.018 278.378 276.875   0.425
  1 22   1.035  -0.016 278.407 276.916   0.710
  1 23   0.884   0.161 278.288 276.896   0.711
  1 24   0.799   0.245 278.078 276.793   0.680
  1 25   0.792   0.251 277.854 276.632   0.720
  1 26   0.616   0.462 277.567 276.389   0.775
  1 27   0.607   0.455 276.985 275.837   0.851
  1 28   0.644   0.412 276.274 275.099   0.848
  1 29   0.649   0.427 275.053 273.734   1.068
  1 30   1.039  -0.044 273.650 272.032   1.585

   2   2 276.407
   1   2
  2  1   0.285   0.701 273.682 272.021   1.660
  2  2  -0.321   1.403 275.226 273.857   1.058
  2  3  -0.256   1.306 276.412 275.063   0.877
  2  4  -0.393   1.474 277.328 275.925   0.779
  2  5  -0.058   1.078 277.819 276.351   0.769
  2  6   0.008   1.012 278.143 276.593   0.678
  2  7  -0.073   1.104 278.397 276.860   0.675
  2  8   0.181   0.800 278.423 276.839   0.800
  2  9   0.102   0.904 278.407 276.803   0.593
  2 10   0.093   0.903 278.382 276.783   0.437
  2 11  -0.019   1.026 278.274 276.676   0.474
  2 12   0.089   0.907 278.166 276.599   0.640
  2 13   0.086   0.911 278.055 276.478   0.641
  2 14   0.061   0.939 277.968 276.371   0.484
  2 15   0.069   0.919 278.007 276.402   0.266
  2 16  -0.006   1.005 278.023 276.412   0.273
  2 17  -0.045   1.041 278.043 276.466   0.560
  2 18  -0.013   1.012 278.152 276.573   0.737
  2 19  -0.063   1.077 278.289 276.679   0.529
  2 20  -0.020   1.034 278.392 276.826   0.415
  2 21   0.019   0.996 278.378 276.875   0.487
  2 22   0.051   0.965 278.407 276.916   0.765
  2 23  -0.108   1.153 278.288 276.896   0.777
  2 24  -0.171   1.218 278.078 276.793   0.703
  2 25  -0.183   1.225 277.854 276.632   0.728
  2 26  -0.361   1.439 277.567 276.389   0.790
  2 27  -0.377   1.436 276.985 275.837   0.947
  2 28  -0.274   1.311 276.274 275.099   0.970
  2 29  -0.239   1.300 275.053 273.734   1.209
  2 30   0.319   0.641 273.650 272.032   1.764

   3   3 278.475
   3   4   5
  3  1   1.127   0.605  -0.885 272.363 258.980 243.513   0.564
  3  2   1.289   0.163  -0.555 273.849 261.256 246.155   0.493
  3  3   1.341  -0.037  -0.412 274.945 263.128 248.362   0.481
  3  4   1.487  -0.566   0.054 275.893 264.834 250.314   0.525
  3  5   1.467  -0.595   0.087 276.670 266.388 252.054   0.491
  3  6   1.448  -0.906   0.540 277.491 267.805 253.695   0.457
  3  7   1.570  -1.210   0.740 277.989 268.835 254.928   0.381
  3  8   1.412  -0.870   0.522 278.150 269.597 255.949   0.440
  3  9   1.303  -0.601   0.343 278.329 270.200 256.795   0.322
  3 10   1.217  -0.426   0.233 278.364 270.668 257.444   0.278
  3 11   1.181  -0.365   0.203 278.495 271.084 258.038   0.278
  3 12   1.126  -0.243   0.127 278.473 271.379 258.453   0.335
  3 13   1.047  -0.102   0.069 278.471 271.569 258.764   0.340
  3 14   0.988  -0.013   0.045 278.428 271.707 259.002   0.282
  3 15   1.003  -0.114   0.146 278.463 271.818 259.110   0.156
  3 16   0.974   0.093  -0.087 278.487 271.833 259.126   0.159
  3 17   0.998   0.038  -0.060 278.477 271.748 259.014   0.312
  3 18   1.028   0.060  -0.125 278.492 271.608 258.805   0.386
  3 19   1.063  -0.183   0.148 278.497 271.418 258.498   0.292
  3 20   1.142  -0.439   0.360 278.431 271.155 258.075   0.238
  3 21   1.262  -0.723   0.555 278.377 270.753 257.520   0.268
  3 22   1.349  -1.092   0.918 278.342 270.273 256.853   0.411
  3 23   1.501  -1.371   1.063 278.251 269.682 256.032   0.399
  3 24   1.464  -1.209   0.903 277.948 268.913 254.999   0.435
  3 25   1.446  -0.993   0.645 277.480 268.016 253.829   0.488
  3 26   1.464  -0.892   0.507 276.875 266.757 252.315   0.543
  3 27   1.301  -0.233  -0.125 275.870 265.082 250.333   0.603
  3 28   1.216   0.041  -0.338 274.739 263.392 248.423   0.565
  3 29   1.110   0.573  -0.881 273.523 261.267 246.023   0.562
  3 30   1.009   0.837  -1.071 271.977 258.805 243.251   0.594

   4   3 271.826
   3   4   5
  4  1   0.187   1.259  -0.324 272.363 258.980 243.513   0.321
  4  2   0.242   1.048  -0.173 273.849 261.256 246.155   0.258
  4  3   0.208   1.057  -0.197 274.945 263.128 248.362   0.213
  4  4   0.221   0.938  -0.097 275.893 264.834 250.314   0.192
  4  5   0.165   1.026  -0.168 276.670 266.388 252.054   0.164
  4  6   0.122   0.988  -0.075 277.491 267.805 253.695   0.163
  4  7   0.156   0.867   0.008 277.989 268.835 254.928   0.150
  4  8   0.081   1.002  -0.071 278.150 269.597 255.949   0.190
  4  9   0.055   1.045  -0.106 278.329 270.200 256.795   0.166
  4 10   0.052   1.011  -0.069 278.364 270.668 257.444   0.120
  4 11   0.044   1.001  -0.053 278.495 271.084 258.038   0.127
  4 12   0.008   1.048  -0.067 278.473 271.379 258.453   0.156
  4 13  -0.025   1.075  -0.053 278.471 271.569 258.764   0.169
  4 14  -0.027   1.028   0.010 278.428 271.707 259.002   0.125
  4 15   0.007   0.933   0.078 278.463 271.818 259.110   0.076
  4 16  -0.011   1.041  -0.038 278.487 271.833 259.126   0.078
  4 17  -0.023   1.090  -0.089 278.477 271.748 259.014   0.145
  4 18  -0.006   1.048  -0.047 278.492 271.608 258.805   0.183
  4 19   0.026   0.912   0.087 278.497 271.418 258.498   0.134
  4 20   0.058   0.848   0.129 278.431 271.155 258.075   0.103
  4 21   0.093   0.797   0.156 278.377 270.753 257.520   0.117
  4 22   0.110   0.732   0.231 278.342 270.273 256.853   0.185
  4 23   0.178   0.631   0.281 278.251 269.682 256.032   0.182
  4 24   0.178   0.695   0.212 277.948 268.913 254.999   0.148
  4 25   0.189   0.788   0.089 277.480 268.016 253.829   0.138
  4 26   0.256   0.718   0.111 276.875 266.757 252.315   0.164
  4 27   0.227   0.920  -0.089 275.870 265.082 250.333   0.186
  4 28   0.203   1.015  -0.141 274.739 263.392 248.423   0.179
  4 29   0.192   1.204  -0.340 273.523 261.267 246.023   0.217
  4 30   0.158   1.353  -0.443 271.977 258.805 243.251   0.277

   5   3 259.118
   4   5   6
  5  1   1.005  -0.024   0.051 258.980 243.513 227.757   0.110
  5  2   0.771   0.258   0.031 261.256 246.155 229.958   0.103
  5  3   0.590   0.458   0.001 263.128 248.362 231.860   0.098
  5  4   0.475   0.565   0.004 264.834 250.314 233.462   0.095
  5  5   0.384   0.653  -0.009 266.388 252.054 234.884   0.087
  5  6   0.297   0.734  -0.009 267.805 253.695 236.208   0.082
  5  7   0.251   0.765  -0.003 268.835 254.928 237.329   0.078
  5  8   0.205   0.805  -0.004 269.597 255.949 238.249   0.098
  5  9   0.175   0.823  -0.006 270.200 256.795 239.068   0.088
  5 10   0.118   0.890  -0.019 270.668 257.444 239.728   0.063
  5 11   0.090   0.912  -0.015 271.084 258.038 240.276   0.064
  5 12   0.061   0.938  -0.010 271.379 258.453 240.711   0.076
  5 13   0.037   0.960   0.000 271.569 258.764 241.042   0.086
  5 14  -0.015   1.022   0.004 271.707 259.002 241.269   0.062
  5 15  -0.020   1.026   0.002 271.818 259.110 241.363   0.035
  5 16   0.002   0.999  -0.005 271.833 259.126 241.348   0.036
  5 17   0.039   0.945   0.006 271.748 259.014 241.229   0.068
  5 18   0.025   0.970   0.011 271.608 258.805 241.003   0.091
  5 19   0.011   0.998   0.007 271.418 258.498 240.663   0.071
  5 20   0.019   1.001  -0.003 271.155 258.075 240.194   0.055
  5 21   0.054   0.966   0.008 270.753 257.520 239.622   0.063
  5 22   0.069   0.965   0.002 270.273 256.853 238.972   0.095
  5 23   0.125   0.911   0.009 269.682 256.032 238.140   0.110
  5 24   0.181   0.863   0.004 268.913 254.999 237.167   0.085
  5 25   0.262   0.782  -0.003 268.016 253.829 235.995   0.080
  5 26   0.316   0.748  -0.011 266.757 252.315 234.610   0.102
  5 27   0.402   0.675  -0.022 265.082 250.333 232.939   0.106
  5 28   0.490   0.599  -0.024 263.392 248.423 231.164   0.095
  5 29   0.661   0.416  -0.024 261.267 246.023 229.181   0.114
  5 30   0.887   0.143  -0.001 258.805 243.251 226.874   0.117

   6   3 239.737
   5   6   7
  6  1   0.835   0.112   0.045 241.786 226.639 217.979   0.078
  6  2   0.619   0.428  -0.051 244.292 228.760 220.070   0.063
  6  3   0.428   0.702  -0.130 246.359 230.597 221.075   0.057
  6  4   0.286   0.885  -0.169 248.154 232.138 221.975   0.057
  6  5   0.200   0.973  -0.173 249.737 233.508 222.830   0.057
  6  6   0.134   1.030  -0.164 251.215 234.788 223.964   0.051
  6  7   0.092   1.049  -0.141 252.294 235.869 224.810   0.048
  6  8   0.064   1.051  -0.114 253.166 236.756 225.398   0.046
  6  9   0.042   1.048  -0.090 253.882 237.544 225.965   0.038
  6 10   0.027   1.038  -0.067 254.418 238.176 226.511   0.034
  6 11   0.017   1.029  -0.047 254.910 238.701 227.020   0.027
  6 12   0.013   1.012  -0.027 255.249 239.121 227.355   0.028
  6 13   0.008   1.004  -0.013 255.508 239.439 227.566   0.035
  6 14   0.003   1.002  -0.006 255.703 239.656 227.702   0.031
  6 15   0.000   1.001  -0.001 255.784 239.744 227.821   0.017
  6 16   0.000   0.999   0.001 255.797 239.729 227.789   0.017
  6 17   0.003   1.000   0.000 255.707 239.618 227.678   0.028
  6 18   0.005   1.007  -0.011 255.538 239.399 227.442   0.032
  6 19   0.008   1.019  -0.025 255.279 239.071 227.422   0.028
  6 20   0.014   1.032  -0.042 254.925 238.620 226.890   0.027
  6 21   0.025   1.041  -0.061 254.465 238.072 226.385   0.035
  6 22   0.037   1.054  -0.084 253.909 237.447 225.838   0.042
  6 23   0.057   1.060  -0.111 253.213 236.648 225.277   0.048
  6 24   0.090   1.050  -0.133 252.330 235.714 224.581   0.050
  6 25   0.132   1.028  -0.156 251.302 234.581 223.649   0.055
  6 26   0.181   1.002  -0.181 249.940 233.238 222.652   0.057
  6 27   0.277   0.896  -0.171 248.129 231.620 221.407   0.066
  6 28   0.404   0.734  -0.139 246.366 229.902 219.968   0.068
  6 29   0.576   0.500  -0.078 244.122 227.985 218.889   0.070
  6 30   0.783   0.203   0.009 241.488 225.760 217.146   0.076

   7   2 227.805
   6   7
  7  1   0.988   0.010 226.639 217.979   0.088
  7  2   0.815   0.182 228.760 220.070   0.071
  7  3   0.677   0.325 230.597 221.075   0.059
  7  4   0.557   0.443 232.138 221.975   0.045
  7  5   0.457   0.541 233.508 222.830   0.039
  7  6   0.366   0.634 234.788 223.964   0.037
  7  7   0.288   0.712 235.869 224.810   0.039
  7  8   0.225   0.772 236.756 225.398   0.037
  7  9   0.167   0.834 237.544 225.965   0.037
  7 10   0.120   0.879 238.176 226.511   0.030
  7 11   0.076   0.925 238.701 227.020   0.030
  7 12   0.047   0.951 239.121 227.355   0.026
  7 13   0.023   0.979 239.439 227.566   0.029
  7 14   0.008   0.992 239.656 227.702   0.024
  7 15   0.002   0.997 239.744 227.821   0.015
  7 16  -0.002   1.003 239.729 227.789   0.015
  7 17   0.007   0.996 239.618 227.678   0.024
  7 18   0.022   0.979 239.399 227.442   0.028
  7 19   0.039   0.962 239.071 227.422   0.029
  7 20   0.077   0.920 238.620 226.890   0.039
  7 21   0.116   0.883 238.072 226.385   0.044
  7 22   0.161   0.839 237.447 225.838   0.052
  7 23   0.216   0.787 236.648 225.277   0.057
  7 24   0.285   0.710 235.714 224.581   0.064
  7 25   0.359   0.634 234.581 223.649   0.065
  7 26   0.442   0.557 233.238 222.652   0.071
  7 27   0.542   0.456 231.620 221.407   0.083
  7 28   0.658   0.340 229.902 219.968   0.091
  7 29   0.795   0.206 227.985 218.889   0.095
  7 30   0.972   0.033 225.760 217.146   0.094

   8   2 218.907
   7   9
  8  1   0.939   0.024 217.979 213.095   0.136
  8  2   0.719   0.206 220.070 212.761   0.175
  8  3   0.641   0.279 221.075 212.476   0.184
  8  4   0.591   0.324 221.975 212.184   0.187
  8  5   0.560   0.355 222.830 212.104   0.186
  8  6   0.538   0.380 223.964 212.101   0.188
  8  7   0.521   0.399 224.810 212.053   0.186
  8  8   0.509   0.412 225.398 211.997   0.182
  8  9   0.502   0.424 225.965 212.001   0.181
  8 10   0.492   0.433 226.511 212.005   0.180
  8 11   0.484   0.442 227.020 212.004   0.179
  8 12   0.479   0.448 227.355 212.004   0.177
  8 13   0.476   0.452 227.566 212.001   0.179
  8 14   0.474   0.455 227.702 211.985   0.179
  8 15   0.473   0.456 227.821 211.980   0.177
  8 16   0.472   0.457 227.789 211.967   0.178
  8 17   0.475   0.455 227.678 211.934   0.180
  8 18   0.475   0.453 227.442 211.883   0.184
  8 19   0.476   0.450 227.422 211.872   0.187
  8 20   0.480   0.443 226.890 211.816   0.189
  8 21   0.486   0.435 226.385 211.768   0.193
  8 22   0.496   0.426 225.838 211.750   0.196
  8 23   0.506   0.415 225.277 211.735   0.199
  8 24   0.513   0.400 224.581 211.707   0.202
  8 25   0.526   0.383 223.649 211.703   0.201
  8 26   0.550   0.363 222.652 211.686   0.203
  8 27   0.578   0.333 221.407 211.561   0.205
  8 28   0.621   0.290 219.968 211.564   0.202
  8 29   0.703   0.221 218.889 211.758   0.188
  8 30   0.908   0.057 217.146 212.018   0.146

   9   2 211.973
   9  10
  9  1   1.361  -0.389 213.095 218.417   0.199
  9  2   1.273  -0.302 212.761 217.813   0.182
  9  3   1.205  -0.231 212.476 217.323   0.150
  9  4   1.156  -0.180 212.184 216.856   0.135
  9  5   1.119  -0.140 212.104 216.593   0.112
  9  6   1.089  -0.108 212.101 216.389   0.098
  9  7   1.066  -0.081 212.053 216.191   0.083
  9  8   1.045  -0.057 211.997 216.017   0.065
  9  9   1.031  -0.039 212.001 215.888   0.060
  9 10   1.019  -0.026 212.005 215.782   0.052
  9 11   1.014  -0.020 212.004 215.675   0.045
  9 12   1.007  -0.010 212.004 215.608   0.045
  9 13   1.004  -0.006 212.001 215.560   0.042
  9 14   1.002  -0.002 211.985 215.524   0.040
  9 15   0.999   0.002 211.980 215.497   0.019
  9 16   1.001  -0.002 211.967 215.482   0.019
  9 17   1.000   0.000 211.934 215.462   0.036
  9 18   1.006  -0.008 211.883 215.462   0.046
  9 19   1.012  -0.016 211.872 215.476   0.049
  9 20   1.018  -0.024 211.816 215.505   0.054
  9 21   1.028  -0.037 211.768 215.545   0.070
  9 22   1.037  -0.048 211.750 215.634   0.077
  9 23   1.050  -0.062 211.735 215.732   0.086
  9 24   1.068  -0.085 211.707 215.864   0.097
  9 25   1.092  -0.113 211.703 216.010   0.101
  9 26   1.120  -0.142 211.686 216.157   0.115
  9 27   1.155  -0.179 211.561 216.234   0.133
  9 28   1.203  -0.230 211.564 216.480   0.151
  9 29   1.265  -0.292 211.758 216.829   0.172
  9 30   1.354  -0.379 212.018 217.347   0.206

  10   3 215.490
   9  10  11
 10  1   0.576   0.440  -0.023 213.095 218.417 225.695   0.096
 10  2   0.469   0.553  -0.029 212.761 217.813 225.004   0.082
 10  3   0.389   0.628  -0.022 212.476 217.323 224.431   0.071
 10  4   0.317   0.702  -0.023 212.184 216.856 223.885   0.064
 10  5   0.263   0.750  -0.017 212.104 216.593 223.537   0.060
 10  6   0.216   0.792  -0.011 212.101 216.389 223.263   0.055
 10  7   0.174   0.828  -0.006 212.053 216.191 222.997   0.049
 10  8   0.133   0.870  -0.005 211.997 216.017 222.766   0.038
 10  9   0.101   0.900  -0.002 212.001 215.888 222.573   0.038
 10 10   0.067   0.937  -0.004 212.005 215.782 222.409   0.034
 10 11   0.050   0.949   0.000 212.004 215.675 222.265   0.033
 10 12   0.029   0.971   0.000 212.004 215.608 222.165   0.035
 10 13   0.017   0.981   0.001 212.001 215.560 222.092   0.037
 10 14   0.010   0.987   0.003 211.985 215.524 222.038   0.032
 10 15  -0.003   1.004  -0.001 211.980 215.497 222.007   0.014
 10 16   0.003   0.995   0.002 211.967 215.482 221.985   0.014
 10 17   0.007   0.992   0.001 211.934 215.462 221.977   0.032
 10 18   0.023   0.971   0.005 211.883 215.462 221.995   0.035
 10 19   0.042   0.948   0.008 211.872 215.476 222.044   0.045
 10 20   0.063   0.927   0.009 211.816 215.505 222.116   0.043
 10 21   0.084   0.909   0.005 211.768 215.545 222.196   0.055
 10 22   0.113   0.879   0.005 211.750 215.634 222.329   0.050
 10 23   0.146   0.844   0.006 211.735 215.732 222.497   0.062
 10 24   0.180   0.816   0.000 211.707 215.864 222.691   0.061
 10 25   0.234   0.753   0.007 211.703 216.010 222.908   0.082
 10 26   0.282   0.707   0.006 211.686 216.157 223.115   0.095
 10 27   0.332   0.666  -0.003 211.561 216.234 223.257   0.086
 10 28   0.401   0.596  -0.002 211.564 216.480 223.561   0.088
 10 29   0.479   0.518  -0.004 211.758 216.829 224.000   0.093
 10 30   0.586   0.405   0.000 212.018 217.347 224.601   0.100

  11   3 221.996
  10  11  12
 11  1   0.546   0.386   0.060 218.417 225.695 234.868   0.189
 11  2   0.434   0.538   0.022 217.813 225.004 234.061   0.162
 11  3   0.344   0.654  -0.002 217.323 224.431 233.378   0.124
 11  4   0.275   0.736  -0.014 216.856 223.885 232.751   0.099
 11  5   0.221   0.790  -0.015 216.593 223.537 232.319   0.087
 11  6   0.171   0.847  -0.021 216.389 223.263 231.975   0.072
 11  7   0.131   0.888  -0.021 216.191 222.997 231.656   0.052
 11  8   0.100   0.917  -0.017 216.017 222.766 231.369   0.046
 11  9   0.070   0.951  -0.020 215.888 222.573 231.143   0.049
 11 10   0.046   0.974  -0.019 215.782 222.409 230.944   0.052
 11 11   0.032   0.979  -0.011 215.675 222.265 230.773   0.050
 11 12   0.019   0.989  -0.008 215.608 222.165 230.647   0.057
 11 13   0.009   0.997  -0.006 215.560 222.092 230.555   0.050
 11 14   0.001   1.004  -0.005 215.524 222.038 230.492   0.027
 11 15  -0.002   1.006  -0.003 215.497 222.007 230.456   0.011
 11 16   0.002   0.994   0.003 215.482 221.985 230.432   0.011
 11 17   0.007   0.988   0.004 215.462 221.977 230.433   0.035
 11 18   0.016   0.978   0.005 215.462 221.995 230.461   0.043
 11 19   0.029   0.957   0.011 215.476 222.044 230.534   0.078
 11 20   0.048   0.930   0.018 215.505 222.116 230.632   0.097
 11 21   0.066   0.918   0.012 215.545 222.196 230.745   0.094
 11 22   0.088   0.895   0.013 215.634 222.329 230.907   0.113
 11 23   0.117   0.860   0.018 215.732 222.497 231.119   0.146
 11 24   0.147   0.836   0.012 215.864 222.691 231.373   0.144
 11 25   0.190   0.780   0.023 216.010 222.908 231.641   0.185
 11 26   0.236   0.725   0.031 216.157 223.115 231.918   0.224
 11 27   0.283   0.694   0.018 216.234 223.257 232.117   0.212
 11 28   0.345   0.630   0.019 216.480 223.561 232.498   0.220
 11 29   0.426   0.539   0.030 216.829 224.000 233.051   0.224
 11 30   0.533   0.408   0.051 217.347 224.601 233.790   0.205

  12   3 230.444
  11  12  13
 12  1   0.360   0.528   0.099 225.695 234.868 245.516   0.203
 12  2   0.297   0.599   0.091 225.004 234.061 244.629   0.177
 12  3   0.254   0.672   0.063 224.431 233.378 243.869   0.124
 12  4   0.210   0.731   0.051 223.885 232.751 243.175   0.105
 12  5   0.174   0.775   0.043 223.537 232.319 242.670   0.090
 12  6   0.140   0.824   0.031 223.263 231.975 242.280   0.080
 12  7   0.111   0.881   0.005 222.997 231.656 241.901   0.055
 12  8   0.087   0.914  -0.003 222.766 231.369 241.564   0.051
 12  9   0.066   0.937  -0.003 222.573 231.143 241.304   0.045
 12 10   0.046   0.974  -0.019 222.409 230.944 241.068   0.052
 12 11   0.032   0.981  -0.011 222.265 230.773 240.880   0.050
 12 12   0.019   1.001  -0.018 222.165 230.647 240.726   0.067
 12 13   0.008   1.003  -0.010 222.092 230.555 240.624   0.052
 12 14   0.002   0.999   0.000 222.038 230.492 240.544   0.042
 12 15   0.000   1.001   0.000 222.007 230.456 240.500   0.019
 12 16   0.000   1.001  -0.001 221.985 230.432 240.480   0.019
 12 17   0.004   0.979   0.014 221.977 230.433 240.489   0.042
 12 18   0.011   0.953   0.033 221.995 230.461 240.532   0.070
 12 19   0.017   0.914   0.062 222.044 230.534 240.617   0.097
 12 20   0.028   0.876   0.087 222.116 230.632 240.737   0.115
 12 21   0.042   0.870   0.078 222.196 230.745 240.882   0.107
 12 22   0.057   0.842   0.090 222.329 230.907 241.081   0.132
 12 23   0.075   0.793   0.119 222.497 231.119 241.340   0.157
 12 24   0.098   0.792   0.097 222.691 231.373 241.642   0.157
 12 25   0.119   0.742   0.123 222.908 231.641 241.964   0.192
 12 26   0.145   0.691   0.146 223.115 231.918 242.292   0.223
 12 27   0.190   0.695   0.101 223.257 232.117 242.549   0.214
 12 28   0.234   0.676   0.077 223.561 232.498 243.005   0.235
 12 29   0.290   0.628   0.069 224.000 233.051 243.639   0.243
 12 30   0.371   0.567   0.048 224.601 233.790 244.473   0.225

  13   2 240.490
  12  13
 13  1   0.444   0.569 234.868 245.516   0.194
 13  2   0.349   0.662 234.061 244.629   0.185
 13  3   0.276   0.732 233.378 243.869   0.136
 13  4   0.205   0.802 232.751 243.175   0.138
 13  5   0.157   0.847 232.319 242.670   0.118
 13  6   0.114   0.890 231.975 242.280   0.115
 13  7   0.097   0.908 231.656 241.901   0.088
 13  8   0.076   0.927 231.369 241.564   0.074
 13  9   0.028   0.972 231.143 241.304   0.062
 13 10   0.047   0.956 230.944 241.068   0.058
 13 11   0.030   0.973 230.773 240.880   0.050
 13 12   0.028   0.975 230.647 240.726   0.071
 13 13   0.004   0.998 230.555 240.624   0.085
 13 14  -0.006   1.006 230.492 240.544   0.076
 13 15  -0.009   1.008 230.456 240.500   0.036
 13 16   0.014   0.987 230.432 240.480   0.035
 13 17  -0.019   1.016 230.433 240.489   0.058
 13 18  -0.029   1.025 230.461 240.532   0.115
 13 19  -0.053   1.046 230.534 240.617   0.109
 13 20  -0.053   1.047 230.632 240.737   0.103
 13 21  -0.038   1.031 230.745 240.882   0.104
 13 22  -0.032   1.025 230.907 241.081   0.128
 13 23  -0.017   1.011 231.119 241.340   0.126
 13 24   0.040   0.957 231.373 241.642   0.141
 13 25   0.081   0.918 231.641 241.964   0.170
 13 26   0.142   0.861 231.918 242.292   0.179
 13 27   0.255   0.752 232.117 242.549   0.169
 13 28   0.343   0.667 232.498 243.005   0.200
 13 29   0.437   0.574 233.051 243.639   0.204
 13 30   0.540   0.468 233.790 244.473   0.187

  14   3 250.794
  12  13  14
 14  1  -0.070   0.608   0.469 234.868 245.516 254.295   0.172
 14  2  -0.108   0.569   0.542 234.061 244.629 253.811   0.166
 14  3  -0.056   0.421   0.642 233.378 243.869 253.334   0.124
 14  4  -0.053   0.353   0.708 232.751 243.175 252.846   0.151
 14  5  -0.008   0.239   0.780 232.319 242.670 252.498   0.127
 14  6  -0.029   0.224   0.814 231.975 242.280 252.221   0.154
 14  7  -0.008   0.157   0.860 231.656 241.901 251.935   0.118
 14  8  -0.003   0.112   0.899 231.369 241.564 251.670   0.094
 14  9  -0.031   0.103   0.933 231.143 241.304 251.459   0.094
 14 10  -0.009   0.063   0.951 230.944 241.068 251.278   0.089
 14 11   0.013   0.022   0.972 230.773 240.880 251.123   0.076
 14 12   0.029  -0.008   0.985 230.647 240.726 250.997   0.091
 14 13  -0.018   0.023   0.997 230.555 240.624 250.911   0.123
 14 14  -0.019   0.018   1.002 230.492 240.544 250.838   0.112
 14 15  -0.004  -0.001   1.006 230.456 240.500 250.808   0.051
 14 16   0.010  -0.003   0.993 230.432 240.480 250.779   0.051
 14 17  -0.033   0.037   0.993 230.433 240.489 250.798   0.074
 14 18  -0.048   0.060   0.984 230.461 240.532 250.830   0.150
 14 19  -0.058   0.092   0.960 230.534 240.617 250.887   0.113
 14 20  -0.066   0.122   0.936 230.632 240.737 250.996   0.078
 14 21  -0.063   0.143   0.912 230.745 240.882 251.108   0.096
 14 22  -0.084   0.195   0.881 230.907 241.081 251.277   0.108
 14 23  -0.073   0.221   0.844 231.119 241.340 251.473   0.088
 14 24  -0.060   0.246   0.808 231.373 241.642 251.711   0.110
 14 25  -0.063   0.299   0.759 231.641 241.964 251.947   0.119
 14 26  -0.002   0.276   0.727 231.918 242.292 252.150   0.116
 14 27   0.058   0.256   0.692 232.117 242.549 252.274   0.114
 14 28   0.061   0.317   0.628 232.498 243.005 252.529   0.138
 14 29   0.121   0.313   0.577 233.051 243.639 252.902   0.133
 14 30   0.128   0.384   0.494 233.790 244.473 253.369   0.136

  15   2 281.416
   2  15
 15  1   0.086   0.923 272.021 279.157   0.938
 15  2   0.198   0.812 273.857 280.040   0.701
 15  3   0.105   0.897 275.063 280.622   0.701
 15  4   0.069   0.947 275.925 281.081   0.566
 15  5  -0.002   1.016 276.351 281.335   0.503
 15  6  -0.014   1.038 276.593 281.564   0.429
 15  7   0.002   1.014 276.860 281.775   0.444
 15  8  -0.050   1.066 276.839 281.769   0.448
 15  9   0.000   1.020 276.803 281.707   0.302
 15 10  -0.029   1.046 276.783 281.714   0.238
 15 11   0.006   0.999 276.676 281.646   0.296
 15 12  -0.014   1.015 276.599 281.643   0.325
 15 13  -0.004   1.014 276.478 281.493   0.299
 15 14   0.012   1.001 276.371 281.369   0.277
 15 15  -0.008   1.011 276.402 281.412   0.162
 15 16   0.000   0.996 276.412 281.421   0.162
 15 17   0.009   0.982 276.466 281.444   0.293
 15 18   0.007   0.998 276.573 281.424   0.413
 15 19   0.029   0.981 276.679 281.458   0.298
 15 20   0.008   1.003 276.826 281.594   0.292
 15 21  -0.015   1.033 276.875 281.639   0.304
 15 22  -0.047   1.073 276.916 281.713   0.438
 15 23   0.004   1.036 276.896 281.740   0.435
 15 24   0.014   1.018 276.793 281.678   0.425
 15 25   0.017   1.012 276.632 281.647   0.439
 15 26   0.055   0.974 276.389 281.452   0.553
 15 27   0.095   0.916 275.837 281.052   0.655
 15 28   0.103   0.888 275.099 280.744   0.765
 15 29   0.177   0.811 273.734 280.106   0.870
 15 30   0.080   0.904 272.032 279.380   0.976
