
   1   2 168.457
   1   2
  1  1   0.632   0.289 190.230 175.326   1.358
  1  2   0.655   0.367 188.147 174.800   0.906
  1  3   0.724   0.311 186.375 174.247   0.753
  1  4   0.790   0.238 184.685 173.444   0.699
  1  5   0.830   0.214 182.845 172.257   0.567
  1  6   0.874   0.155 180.979 170.897   0.545
  1  7   0.910   0.106 179.090 169.336   0.484
  1  8   0.946   0.046 177.192 167.684   0.462
  1  9   0.960   0.037 175.271 165.959   0.399
  1 10   0.978   0.003 173.514 164.316   0.322
  1 11   0.983   0.013 171.927 162.802   0.260
  1 12   0.990   0.011 170.562 161.464   0.250
  1 13   0.996   0.006 169.523 160.399   0.193
  1 14   1.000  -0.003 168.814 159.660   0.160
  1 15   0.998   0.004 168.439 159.300   0.088
  1 16   1.003  -0.007 168.475 159.293   0.088
  1 17   0.999   0.010 168.896 159.734   0.173
  1 18   1.002  -0.003 169.725 160.538   0.245
  1 19   0.997  -0.003 170.848 161.627   0.287
  1 20   0.994  -0.006 172.248 162.994   0.352
  1 21   0.985   0.006 173.881 164.561   0.415
  1 22   0.968   0.029 175.645 166.184   0.470
  1 23   0.948   0.053 177.423 167.778   0.532
  1 24   0.926   0.081 179.180 169.388   0.615
  1 25   0.897   0.104 181.010 170.862   0.694
  1 26   0.853   0.153 182.903 172.174   0.734
  1 27   0.805   0.182 184.635 173.130   0.909
  1 28   0.741   0.245 186.412 173.795   1.026
  1 29   0.696   0.237 188.352 174.391   1.302
  1 30   0.704   0.091 190.603 175.007   1.880

   2   2 159.297
   1   2
  2  1  -0.112   0.827 190.230 175.326   0.947
  2  2  -0.134   0.970 188.147 174.800   0.658
  2  3  -0.115   0.999 186.375 174.247   0.568
  2  4  -0.092   1.001 184.685 173.444   0.523
  2  5  -0.081   1.029 182.845 172.257   0.431
  2  6  -0.060   1.012 180.979 170.897   0.424
  2  7  -0.043   0.995 179.090 169.336   0.376
  2  8  -0.021   0.964 177.192 167.684   0.366
  2  9  -0.017   0.970 175.271 165.959   0.314
  2 10  -0.006   0.952 173.514 164.316   0.270
  2 11  -0.007   0.979 171.927 162.802   0.210
  2 12  -0.002   0.986 170.562 161.464   0.203
  2 13   0.000   0.990 169.523 160.399   0.164
  2 14   0.002   0.989 168.814 159.660   0.137
  2 15  -0.001   1.001 168.439 159.300   0.078
  2 16   0.002   0.996 168.475 159.293   0.078
  2 17  -0.001   1.010 168.896 159.734   0.158
  2 18   0.004   0.994 169.725 160.538   0.231
  2 19   0.003   0.982 170.848 161.627   0.261
  2 20   0.004   0.964 172.248 162.994   0.315
  2 21  -0.004   0.972 173.881 164.561   0.339
  2 22  -0.013   0.980 175.645 166.184   0.364
  2 23  -0.025   0.989 177.423 167.778   0.397
  2 24  -0.034   0.988 179.180 169.388   0.441
  2 25  -0.042   0.973 181.010 170.862   0.500
  2 26  -0.057   0.966 182.903 172.174   0.547
  2 27  -0.076   0.949 184.635 173.130   0.648
  2 28  -0.098   0.941 186.412 173.795   0.705
  2 29  -0.096   0.858 188.352 174.391   0.893
  2 30  -0.055   0.678 190.603 175.007   1.248

   3   2 223.627
   3   5
  3  1   1.064  -0.607 243.147 241.137   0.756
  3  2   1.090  -0.527 241.323 243.095   0.630
  3  3   1.109  -0.458 239.733 244.791   0.521
  3  4   1.123  -0.402 238.070 246.295   0.434
  3  5   1.117  -0.333 236.567 247.619   0.379
  3  6   1.104  -0.268 234.758 248.628   0.334
  3  7   1.085  -0.210 233.111 249.404   0.278
  3  8   1.060  -0.149 231.235 250.059   0.264
  3  9   1.048  -0.113 229.856 250.590   0.228
  3 10   1.024  -0.073 228.362 251.024   0.186
  3 11   1.018  -0.049 227.098 251.369   0.169
  3 12   1.017  -0.031 225.583 251.661   0.167
  3 13   1.007  -0.011 224.696 251.863   0.136
  3 14   1.003  -0.004 224.011 251.994   0.101
  3 15   0.997   0.002 223.608 252.050   0.052
  3 16   1.002  -0.001 223.645 252.050   0.053
  3 17   1.010  -0.008 223.916 251.984   0.103
  3 18   1.021  -0.017 224.508 251.849   0.143
  3 19   1.019  -0.026 225.365 251.650   0.170
  3 20   1.014  -0.032 226.662 251.379   0.198
  3 21   1.028  -0.058 227.798 251.027   0.206
  3 22   1.040  -0.089 229.216 250.582   0.220
  3 23   1.057  -0.131 230.829 250.033   0.244
  3 24   1.079  -0.180 232.410 249.344   0.256
  3 25   1.085  -0.222 234.050 248.547   0.313
  3 26   1.079  -0.265 235.617 247.460   0.380
  3 27   1.089  -0.341 237.212 246.032   0.436
  3 28   1.088  -0.414 238.626 244.378   0.521
  3 29   1.071  -0.481 240.089 242.550   0.636
  3 30   1.049  -0.558 241.420 240.339   0.770

   4   2 254.303
   3   5
  4  1   0.483   0.785 243.147 241.137   0.841
  4  2   0.396   0.890 241.323 243.095   0.768
  4  3   0.335   0.947 239.733 244.791   0.709
  4  4   0.296   0.972 238.070 246.295   0.666
  4  5   0.264   0.989 236.567 247.619   0.625
  4  6   0.237   1.003 234.758 248.628   0.590
  4  7   0.215   1.012 233.111 249.404   0.551
  4  8   0.199   1.018 231.235 250.059   0.523
  4  9   0.188   1.019 229.856 250.590   0.503
  4 10   0.179   1.019 228.362 251.024   0.480
  4 11   0.175   1.018 227.098 251.369   0.458
  4 12   0.169   1.021 225.583 251.661   0.441
  4 13   0.166   1.021 224.696 251.863   0.428
  4 14   0.166   1.018 224.011 251.994   0.426
  4 15   0.166   1.016 223.608 252.050   0.425
  4 16   0.166   1.016 223.645 252.050   0.437
  4 17   0.169   1.016 223.916 251.984   0.440
  4 18   0.170   1.017 224.508 251.849   0.457
  4 19   0.170   1.020 225.365 251.650   0.469
  4 20   0.173   1.022 226.662 251.379   0.481
  4 21   0.179   1.023 227.798 251.027   0.494
  4 22   0.188   1.021 229.216 250.582   0.512
  4 23   0.202   1.017 230.829 250.033   0.539
  4 24   0.221   1.011 232.410 249.344   0.569
  4 25   0.242   1.004 234.050 248.547   0.599
  4 26   0.266   0.993 235.617 247.460   0.636
  4 27   0.293   0.978 237.212 246.032   0.684
  4 28   0.338   0.945 238.626 244.378   0.744
  4 29   0.396   0.890 240.089 242.550   0.822
  4 30   0.494   0.764 241.420 240.339   0.904

   5   2 252.050
   5   6
  5  1   1.461  -0.536 241.137 226.637   0.154
  5  2   1.387  -0.433 243.095 228.416   0.117
  5  3   1.323  -0.354 244.791 229.960   0.094
  5  4   1.269  -0.298 246.295 231.328   0.090
  5  5   1.221  -0.245 247.619 232.623   0.080
  5  6   1.178  -0.197 248.628 233.678   0.066
  5  7   1.138  -0.150 249.404 234.567   0.056
  5  8   1.107  -0.115 250.059 235.368   0.050
  5  9   1.080  -0.087 250.590 236.027   0.040
  5 10   1.057  -0.062 251.024 236.589   0.033
  5 11   1.035  -0.037 251.369 237.047   0.029
  5 12   1.016  -0.011 251.661 237.438   0.031
  5 13   1.004   0.003 251.863 237.723   0.030
  5 14   0.999   0.005 251.994 237.883   0.027
  5 15   0.997   0.005 252.050 237.939   0.014
  5 16   1.003  -0.005 252.050 237.924   0.014
  5 17   1.008  -0.010 251.984 237.810   0.020
  5 18   1.020  -0.028 251.849 237.594   0.027
  5 19   1.032  -0.041 251.650 237.315   0.030
  5 20   1.047  -0.057 251.379 236.900   0.028
  5 21   1.064  -0.074 251.027 236.431   0.033
  5 22   1.087  -0.101 250.582 235.787   0.038
  5 23   1.116  -0.135 250.033 235.086   0.051
  5 24   1.151  -0.177 249.344 234.223   0.060
  5 25   1.187  -0.217 248.547 233.261   0.065
  5 26   1.229  -0.265 247.460 232.088   0.074
  5 27   1.274  -0.317 246.032 230.659   0.075
  5 28   1.330  -0.387 244.378 229.074   0.085
  5 29   1.390  -0.475 242.550 227.350   0.113
  5 30   1.449  -0.582 240.339 225.416   0.162

   6   2 237.356
   5   6
  6  1   0.719   0.298 240.517 226.138   0.125
  6  2   0.600   0.414 242.462 227.900   0.110
  6  3   0.499   0.516 244.178 229.434   0.111
  6  4   0.407   0.613 245.747 230.798   0.111
  6  5   0.325   0.698 247.110 232.085   0.112
  6  6   0.254   0.772 248.173 233.134   0.107
  6  7   0.192   0.833 249.003 234.013   0.099
  6  8   0.142   0.882 249.711 234.809   0.093
  6  9   0.104   0.915 250.300 235.464   0.078
  6 10   0.068   0.949 250.781 236.022   0.064
  6 11   0.042   0.972 251.165 236.481   0.052
  6 12   0.025   0.983 251.479 236.868   0.034
  6 13   0.013   0.991 251.702 237.147   0.030
  6 14   0.004   0.998 251.859 237.310   0.023
  6 15  -0.001   1.001 251.920 237.364   0.016
  6 16   0.001   0.999 251.921 237.348   0.016
  6 17   0.006   0.994 251.848 237.234   0.032
  6 18   0.012   0.992 251.701 237.018   0.039
  6 19   0.027   0.979 251.476 236.741   0.046
  6 20   0.047   0.961 251.168 236.327   0.048
  6 21   0.072   0.941 250.784 235.864   0.062
  6 22   0.105   0.911 250.299 235.228   0.079
  6 23   0.148   0.868 249.698 234.530   0.100
  6 24   0.202   0.812 248.955 233.671   0.116
  6 25   0.262   0.751 248.104 232.714   0.112
  6 26   0.331   0.682 246.955 231.546   0.109
  6 27   0.405   0.612 245.463 230.128   0.110
  6 28   0.498   0.514 243.763 228.542   0.108
  6 29   0.600   0.407 241.907 226.824   0.113
  6 30   0.714   0.277 239.669 224.899   0.160

   7   2 226.071
   6   8
  7  1   0.966   0.056 226.138 212.218   0.103
  7  2   0.876   0.136 227.900 212.824   0.090
  7  3   0.809   0.200 229.434 213.531   0.104
  7  4   0.755   0.252 230.798 214.198   0.122
  7  5   0.709   0.294 232.085 214.976   0.144
  7  6   0.669   0.331 233.134 215.556   0.159
  7  7   0.635   0.362 234.013 216.042   0.174
  7  8   0.605   0.388 234.809 216.381   0.185
  7  9   0.579   0.410 235.464 216.861   0.195
  7 10   0.558   0.430 236.022 217.190   0.200
  7 11   0.542   0.445 236.481 217.481   0.204
  7 12   0.529   0.458 236.868 217.568   0.200
  7 13   0.518   0.467 237.147 217.833   0.199
  7 14   0.512   0.472 237.310 217.894   0.202
  7 15   0.509   0.476 237.364 217.896   0.203
  7 16   0.508   0.474 237.348 217.904   0.205
  7 17   0.512   0.472 237.234 217.833   0.205
  7 18   0.517   0.467 237.018 217.703   0.209
  7 19   0.527   0.457 236.741 217.511   0.205
  7 20   0.539   0.445 236.327 217.420   0.200
  7 21   0.557   0.431 235.864 217.049   0.196
  7 22   0.577   0.411 235.228 216.672   0.192
  7 23   0.600   0.387 234.530 216.338   0.186
  7 24   0.629   0.359 233.671 215.844   0.176
  7 25   0.663   0.328 232.714 215.314   0.158
  7 26   0.704   0.292 231.546 214.630   0.139
  7 27   0.753   0.252 230.128 213.960   0.117
  7 28   0.808   0.198 228.542 213.074   0.103
  7 29   0.878   0.134 226.824 212.264   0.094
  7 30   0.956   0.052 224.899 211.306   0.126

   8   3 217.900
   6   8   9
  8  1   0.484   0.884  -0.247 226.138 212.218 210.852   0.158
  8  2   0.374   0.957  -0.231 227.900 212.824 210.677   0.134
  8  3   0.293   1.012  -0.215 229.434 213.531 210.485   0.132
  8  4   0.226   1.060  -0.203 230.798 214.198 210.468   0.125
  8  5   0.173   1.072  -0.177 232.085 214.976 210.485   0.114
  8  6   0.128   1.066  -0.144 233.134 215.556 210.465   0.104
  8  7   0.096   1.054  -0.113 234.013 216.042 210.445   0.101
  8  8   0.070   1.041  -0.085 234.809 216.381 210.406   0.091
  8  9   0.045   1.046  -0.072 235.464 216.861 210.512   0.088
  8 10   0.026   1.047  -0.059 236.022 217.190 210.541   0.078
  8 11   0.017   1.032  -0.039 236.481 217.481 210.601   0.067
  8 12   0.010   1.017  -0.022 236.868 217.568 210.534   0.056
  8 13   0.004   1.005  -0.010 237.147 217.833 210.550   0.046
  8 14   0.003   0.994   0.001 237.310 217.894 210.447   0.035
  8 15   0.002   0.994   0.004 237.364 217.896 210.447   0.021
  8 16  -0.002   1.003  -0.003 237.348 217.904 210.475   0.021
  8 17   0.002   0.999  -0.001 237.234 217.833 210.431   0.037
  8 18   0.002   1.014  -0.014 237.018 217.703 210.356   0.050
  8 19   0.011   1.010  -0.017 236.741 217.511 210.313   0.066
  8 20   0.022   1.002  -0.020 236.327 217.420 210.304   0.080
  8 21   0.034   1.014  -0.036 235.864 217.049 210.193   0.079
  8 22   0.049   1.020  -0.054 235.228 216.672 210.101   0.090
  8 23   0.072   1.011  -0.064 234.530 216.338 210.084   0.096
  8 24   0.098   1.012  -0.084 233.671 215.844 210.010   0.110
  8 25   0.130   0.991  -0.095 232.714 215.314 209.944   0.121
  8 26   0.171   0.993  -0.122 231.546 214.630 209.896   0.124
  8 27   0.225   0.980  -0.145 230.128 213.960 209.830   0.125
  8 28   0.287   0.952  -0.169 228.542 213.074 209.755   0.129
  8 29   0.367   0.889  -0.175 226.824 212.264 209.815   0.138
  8 30   0.468   0.843  -0.210 224.899 211.306 209.816   0.161

   9   3 210.461
   8   9  10
  9  1   0.320   0.949  -0.232 212.218 210.852 215.669   0.249
  9  2   0.212   1.022  -0.216 212.824 210.677 215.202   0.193
  9  3   0.166   1.032  -0.184 213.531 210.485 214.776   0.188
  9  4   0.155   1.022  -0.159 214.198 210.468 214.488   0.169
  9  5   0.142   1.012  -0.133 214.976 210.485 214.291   0.152
  9  6   0.117   1.012  -0.110 215.556 210.465 214.107   0.134
  9  7   0.097   1.011  -0.091 216.042 210.445 213.920   0.118
  9  8   0.065   1.016  -0.071 216.381 210.406 213.773   0.100
  9  9   0.058   1.012  -0.060 216.861 210.512 213.665   0.088
  9 10   0.053   1.008  -0.049 217.190 210.541 213.593   0.086
  9 11   0.030   1.008  -0.032 217.481 210.601 213.523   0.078
  9 12   0.021   1.005  -0.023 217.568 210.534 213.487   0.073
  9 13   0.014   1.004  -0.016 217.833 210.550 213.437   0.060
  9 14   0.001   1.003  -0.006 217.894 210.447 213.404   0.049
  9 15   0.003   0.999   0.001 217.896 210.447 213.394   0.026
  9 16  -0.004   1.002   0.000 217.904 210.475 213.382   0.026
  9 17  -0.004   1.002   0.000 217.833 210.431 213.374   0.041
  9 18   0.004   1.004  -0.008 217.703 210.356 213.365   0.060
  9 19   0.001   1.008  -0.012 217.511 210.313 213.374   0.076
  9 20  -0.003   1.015  -0.018 217.420 210.304 213.384   0.086
  9 21   0.011   1.018  -0.031 217.049 210.193 213.397   0.090
  9 22   0.024   1.022  -0.046 216.672 210.101 213.442   0.102
  9 23   0.024   1.031  -0.057 216.338 210.084 213.507   0.109
  9 24   0.040   1.034  -0.074 215.844 210.010 213.601   0.132
  9 25   0.024   1.059  -0.093 215.314 209.944 213.712   0.143
  9 26   0.051   1.062  -0.116 214.630 209.896 213.870   0.159
  9 27   0.081   1.062  -0.141 213.960 209.830 213.960   0.176
  9 28   0.118   1.061  -0.172 213.074 209.755 214.075   0.197
  9 29   0.174   1.045  -0.201 212.264 209.815 214.351   0.238
  9 30   0.283   0.978  -0.222 211.306 209.816 214.761   0.293

  10   3 213.388
   9  10  11
 10  1   0.469   0.611  -0.072 210.852 215.669 223.035   0.257
 10  2   0.380   0.698  -0.072 210.677 215.202 222.467   0.199
 10  3   0.309   0.762  -0.066 210.485 214.776 221.936   0.195
 10  4   0.246   0.824  -0.067 210.468 214.488 221.544   0.173
 10  5   0.199   0.858  -0.056 210.485 214.291 221.253   0.146
 10  6   0.166   0.875  -0.039 210.465 214.107 220.978   0.123
 10  7   0.121   0.921  -0.040 210.445 213.920 220.716   0.108
 10  8   0.089   0.946  -0.034 210.406 213.773 220.493   0.086
 10  9   0.060   0.972  -0.032 210.512 213.665 220.317   0.079
 10 10   0.034   0.995  -0.030 210.541 213.593 220.179   0.077
 10 11   0.022   0.999  -0.021 210.601 213.523 220.069   0.076
 10 12   0.009   1.006  -0.016 210.534 213.487 219.985   0.075
 10 13  -0.006   1.021  -0.016 210.550 213.437 219.910   0.061
 10 14  -0.006   1.014  -0.009 210.447 213.404 219.855   0.049
 10 15  -0.001   1.003  -0.001 210.447 213.394 219.836   0.028
 10 16   0.002   0.996   0.002 210.475 213.382 219.827   0.028
 10 17   0.005   0.995   0.001 210.431 213.374 219.836   0.042
 10 18   0.008   0.996  -0.003 210.356 213.365 219.853   0.063
 10 19   0.021   0.983  -0.003 210.313 213.374 219.895   0.078
 10 20   0.030   0.982  -0.011 210.304 213.384 219.956   0.079
 10 21   0.045   0.976  -0.018 210.193 213.397 220.018   0.089
 10 22   0.056   0.978  -0.031 210.101 213.442 220.121   0.094
 10 23   0.082   0.958  -0.036 210.084 213.507 220.257   0.106
 10 24   0.114   0.931  -0.040 210.010 213.601 220.429   0.126
 10 25   0.158   0.888  -0.041 209.944 213.712 220.619   0.139
 10 26   0.200   0.852  -0.044 209.896 213.870 220.876   0.162
 10 27   0.258   0.794  -0.040 209.830 213.960 221.070   0.169
 10 28   0.321   0.731  -0.040 209.755 214.075 221.297   0.198
 10 29   0.389   0.670  -0.045 209.815 214.351 221.676   0.248
 10 30   0.468   0.604  -0.052 209.816 214.761 222.185   0.317

  11   3 219.832
  10  11  12
 11  1   0.429   0.671  -0.083 215.669 223.035 232.101   0.291
 11  2   0.339   0.762  -0.089 215.202 222.467 231.419   0.242
 11  3   0.277   0.809  -0.077 214.776 221.936 230.783   0.228
 11  4   0.221   0.866  -0.080 214.488 221.544 230.308   0.192
 11  5   0.176   0.897  -0.069 214.291 221.253 229.945   0.152
 11  6   0.142   0.914  -0.052 214.107 220.978 229.599   0.108
 11  7   0.109   0.942  -0.048 213.920 220.716 229.278   0.106
 11  8   0.086   0.954  -0.036 213.773 220.493 229.007   0.095
 11  9   0.063   0.969  -0.031 213.665 220.317 228.785   0.101
 11 10   0.041   0.989  -0.029 213.593 220.179 228.620   0.091
 11 11   0.030   0.985  -0.016 213.523 220.069 228.478   0.099
 11 12   0.014   0.998  -0.014 213.487 219.985 228.370   0.091
 11 13   0.005   1.006  -0.012 213.437 219.910 228.289   0.077
 11 14   0.005   0.997  -0.003 213.404 219.855 228.217   0.052
 11 15   0.001   1.000  -0.001 213.394 219.836 228.192   0.034
 11 16   0.000   0.999   0.001 213.382 219.827 228.187   0.034
 11 17   0.002   0.999  -0.001 213.374 219.836 228.202   0.056
 11 18   0.007   0.996  -0.002 213.365 219.853 228.243   0.084
 11 19   0.019   0.982   0.000 213.374 219.895 228.297   0.100
 11 20   0.028   0.981  -0.007 213.384 219.956 228.384   0.090
 11 21   0.046   0.967  -0.012 213.397 220.018 228.478   0.102
 11 22   0.060   0.970  -0.026 213.442 220.121 228.620   0.110
 11 23   0.082   0.956  -0.033 213.507 220.257 228.793   0.124
 11 24   0.104   0.947  -0.045 213.601 220.429 229.023   0.134
 11 25   0.138   0.919  -0.050 213.712 220.619 229.279   0.147
 11 26   0.170   0.906  -0.063 213.870 220.876 229.609   0.177
 11 27   0.217   0.862  -0.063 213.960 221.070 229.884   0.187
 11 28   0.268   0.822  -0.069 214.075 221.297 230.186   0.236
 11 29   0.328   0.776  -0.080 214.351 221.676 230.673   0.301
 11 30   0.407   0.712  -0.086 214.761 222.185 231.330   0.391

  12   3 228.189
  11  12  13
 12  1   0.465   0.620  -0.063 223.035 232.101 243.378   0.324
 12  2   0.352   0.753  -0.092 222.467 231.419 242.611   0.291
 12  3   0.291   0.787  -0.068 221.936 230.783 241.881   0.257
 12  4   0.230   0.857  -0.083 221.544 230.308 241.331   0.212
 12  5   0.188   0.880  -0.064 221.253 229.945 240.895   0.168
 12  6   0.156   0.883  -0.035 220.978 229.599 240.487   0.122
 12  7   0.147   0.851   0.008 220.716 229.278 240.102   0.140
 12  8   0.141   0.818   0.050 220.493 229.007 239.782   0.154
 12  9   0.111   0.846   0.048 220.317 228.785 239.516   0.162
 12 10   0.075   0.904   0.024 220.179 228.620 239.318   0.143
 12 11   0.052   0.923   0.024 220.069 228.478 239.144   0.144
 12 12   0.022   0.977  -0.001 219.985 228.370 239.017   0.121
 12 13   0.028   0.948   0.024 219.910 228.289 238.923   0.121
 12 14   0.019   0.958   0.022 219.855 228.217 238.833   0.076
 12 15   0.000   1.003  -0.003 219.836 228.192 238.805   0.045
 12 16   0.000   0.998   0.003 219.827 228.187 238.808   0.045
 12 17  -0.001   1.003  -0.002 219.836 228.202 238.835   0.085
 12 18   0.005   0.996   0.000 219.853 228.243 238.893   0.123
 12 19   0.014   0.987   0.001 219.895 228.297 238.968   0.136
 12 20   0.023   0.986  -0.007 219.956 228.384 239.080   0.121
 12 21   0.055   0.932   0.015 220.018 228.478 239.215   0.120
 12 22   0.066   0.945  -0.008 220.121 228.620 239.397   0.149
 12 23   0.096   0.905   0.003 220.257 228.793 239.616   0.155
 12 24   0.103   0.943  -0.042 220.429 229.023 239.899   0.147
 12 25   0.142   0.896  -0.033 220.619 229.279 240.226   0.152
 12 26   0.169   0.906  -0.064 220.876 229.609 240.618   0.186
 12 27   0.205   0.895  -0.085 221.070 229.884 240.965   0.222
 12 28   0.246   0.876  -0.104 221.297 230.186 241.348   0.302
 12 29   0.314   0.825  -0.116 221.676 230.673 241.924   0.378
 12 30   0.422   0.710  -0.092 222.185 231.330 242.692   0.494

  13   2 238.807
  12  13
 13  1   0.535   0.486 232.101 243.378   0.375
 13  2   0.431   0.588 231.419 242.611   0.329
 13  3   0.346   0.669 230.783 241.881   0.281
 13  4   0.295   0.714 230.308 241.331   0.236
 13  5   0.235   0.772 229.945 240.895   0.216
 13  6   0.176   0.830 229.599 240.487   0.195
 13  7   0.135   0.867 229.278 240.102   0.228
 13  8   0.104   0.899 229.007 239.782   0.259
 13  9   0.077   0.923 228.785 239.516   0.270
 13 10   0.060   0.939 228.620 239.318   0.241
 13 11   0.031   0.965 228.478 239.144   0.222
 13 12   0.024   0.974 228.370 239.017   0.157
 13 13   0.013   0.986 228.289 238.923   0.161
 13 14   0.009   0.989 228.217 238.833   0.126
 13 15   0.003   0.996 228.192 238.805   0.060
 13 16  -0.002   1.003 228.187 238.808   0.060
 13 17  -0.005   1.005 228.202 238.835   0.112
 13 18  -0.003   1.006 228.243 238.893   0.164
 13 19   0.001   1.003 228.297 238.968   0.177
 13 20   0.013   0.990 228.384 239.080   0.157
 13 21   0.024   0.979 228.478 239.215   0.144
 13 22   0.047   0.958 228.620 239.397   0.197
 13 23   0.061   0.944 228.793 239.616   0.198
 13 24   0.098   0.911 229.023 239.899   0.186
 13 25   0.127   0.883 229.279 240.226   0.162
 13 26   0.171   0.847 229.609 240.618   0.178
 13 27   0.229   0.797 229.884 240.965   0.258
 13 28   0.281   0.753 230.186 241.348   0.342
 13 29   0.366   0.676 230.673 241.924   0.430
 13 30   0.485   0.571 231.330 242.692   0.554

  14   3 249.655
  12  13  14
 14  1  -0.026   0.565   0.448 232.101 243.378 253.064   0.374
 14  2  -0.039   0.506   0.522 231.419 242.611 252.592   0.301
 14  3  -0.042   0.445   0.583 230.783 241.881 252.074   0.256
 14  4  -0.034   0.378   0.638 230.308 241.331 251.677   0.216
 14  5  -0.034   0.327   0.691 229.945 240.895 251.370   0.234
 14  6  -0.039   0.283   0.742 229.599 240.487 251.044   0.230
 14  7  -0.034   0.225   0.796 229.278 240.102 250.737   0.259
 14  8  -0.030   0.184   0.835 229.007 239.782 250.468   0.285
 14  9  -0.022   0.138   0.872 228.785 239.516 250.245   0.309
 14 10  -0.006   0.085   0.914 228.620 239.318 250.084   0.295
 14 11  -0.012   0.071   0.931 228.478 239.144 249.937   0.265
 14 12  -0.005   0.050   0.948 228.370 239.017 249.827   0.181
 14 13  -0.001   0.019   0.979 228.289 238.923 249.744   0.173
 14 14   0.007   0.006   0.983 228.217 238.833 249.669   0.153
 14 15   0.004   0.001   0.993 228.192 238.805 249.652   0.069
 14 16  -0.003   0.000   1.005 228.187 238.808 249.658   0.070
 14 17  -0.011   0.005   1.006 228.202 238.835 249.680   0.119
 14 18  -0.017   0.014   1.008 228.243 238.893 249.735   0.188
 14 19  -0.028   0.034   1.000 228.297 238.968 249.803   0.181
 14 20  -0.030   0.054   0.982 228.384 239.080 249.895   0.167
 14 21  -0.041   0.081   0.965 228.478 239.215 250.015   0.166
 14 22  -0.055   0.115   0.946 228.620 239.397 250.178   0.230
 14 23  -0.067   0.157   0.917 228.793 239.616 250.355   0.225
 14 24  -0.070   0.185   0.896 229.023 239.899 250.587   0.231
 14 25  -0.080   0.232   0.861 229.279 240.226 250.850   0.199
 14 26  -0.090   0.288   0.822 229.609 240.618 251.150   0.186
 14 27  -0.086   0.346   0.765 229.884 240.965 251.382   0.263
 14 28  -0.088   0.404   0.721 230.186 241.348 251.611   0.312
 14 29  -0.079   0.457   0.667 230.673 241.924 251.965   0.402
 14 30  -0.028   0.486   0.606 231.330 242.692 252.453   0.519

  15   2 225.444
   2  15
 15  1   0.540   0.547 175.326 241.489   1.013
 15  2   0.564   0.593 174.800 240.531   0.761
 15  3   0.509   0.667 174.247 239.560   0.720
 15  4   0.465   0.725 173.444 238.473   0.668
 15  5   0.420   0.777 172.257 237.318   0.593
 15  6   0.341   0.832 170.897 235.997   0.599
 15  7   0.279   0.873 169.336 234.565   0.523
 15  8   0.197   0.918 167.684 233.057   0.520
 15  9   0.154   0.940 165.959 231.538   0.478
 15 10   0.101   0.964 164.316 230.067   0.391
 15 11   0.083   0.974 162.802 228.711   0.341
 15 12   0.058   0.986 161.464 227.518   0.345
 15 13   0.025   0.996 160.399 226.562   0.285
 15 14   0.010   0.999 159.660 225.875   0.199
 15 15   0.001   1.000 159.300 225.466   0.095
 15 16  -0.002   1.001 159.293 225.421   0.094
 15 17   0.010   1.000 159.734 225.768   0.208
 15 18   0.015   1.000 160.538 226.454   0.301
 15 19   0.021   0.998 161.627 227.401   0.374
 15 20   0.024   0.999 162.994 228.599   0.417
 15 21   0.073   0.981 164.561 230.025   0.433
 15 22   0.143   0.953 166.184 231.582   0.439
 15 23   0.221   0.917 167.778 233.193   0.465
 15 24   0.290   0.884 169.388 234.856   0.465
 15 25   0.344   0.848 170.862 236.400   0.515
 15 26   0.393   0.805 172.174 237.874   0.555
 15 27   0.450   0.744 173.130 239.110   0.669
 15 28   0.504   0.679 173.795 240.253   0.759
 15 29   0.511   0.626 174.391 241.332   0.980
 15 30   0.479   0.589 175.007 242.386   1.254
