
   1   2 276.880
   1   2
  1  1   0.745   0.284 272.917 271.051   1.483
  1  2   0.582   0.479 274.452 272.846   1.175
  1  3   0.531   0.537 275.633 274.068   0.884
  1  4   0.613   0.460 276.297 274.680   0.835
  1  5   0.544   0.536 276.897 275.322   0.788
  1  6   0.707   0.359 277.111 275.468   0.637
  1  7   0.895   0.151 277.215 275.554   0.591
  1  8   0.852   0.204 277.386 275.741   0.604
  1  9   0.764   0.278 277.358 275.738   0.565
  1 10   0.921   0.102 277.203 275.556   0.428
  1 11   1.027  -0.008 277.167 275.460   0.373
  1 12   1.103  -0.099 277.040 275.356   0.485
  1 13   0.913   0.085 276.888 275.243   0.489
  1 14   0.849   0.151 276.900 275.265   0.493
  1 15   0.988   0.009 276.930 275.280   0.193
  1 16   1.026  -0.025 276.830 275.134   0.192
  1 17   1.052  -0.061 276.830 275.134   0.534
  1 18   0.887   0.124 276.893 275.209   0.492
  1 19   0.893   0.120 277.197 275.533   0.477
  1 20   0.922   0.095 277.226 275.614   0.487
  1 21   0.954   0.070 277.194 275.622   0.558
  1 22   0.900   0.130 277.195 275.609   0.696
  1 23   0.802   0.247 277.146 275.627   0.707
  1 24   0.682   0.372 277.070 275.683   0.742
  1 25   0.603   0.469 276.857 275.435   0.827
  1 26   0.613   0.454 276.535 275.153   0.803
  1 27   0.526   0.541 276.212 274.902   0.924
  1 28   0.508   0.552 275.415 273.971   0.956
  1 29   0.654   0.387 274.392 272.866   1.045
  1 30   0.837   0.182 272.754 271.022   1.583

   2   2 275.207
   1   2
  2  1  -0.112   1.142 272.917 271.051   1.605
  2  2  -0.392   1.452 274.452 272.846   1.265
  2  3  -0.466   1.530 275.633 274.068   1.028
  2  4  -0.357   1.425 276.297 274.680   0.934
  2  5  -0.485   1.562 276.897 275.322   0.866
  2  6  -0.281   1.344 277.111 275.468   0.698
  2  7  -0.036   1.078 277.215 275.554   0.639
  2  8  -0.140   1.195 277.386 275.741   0.644
  2  9  -0.243   1.281 277.358 275.738   0.612
  2 10  -0.092   1.114 277.203 275.556   0.480
  2 11   0.041   0.978 277.167 275.460   0.410
  2 12   0.140   0.864 277.040 275.356   0.575
  2 13  -0.067   1.063 276.888 275.243   0.587
  2 14  -0.184   1.183 276.900 275.265   0.551
  2 15  -0.029   1.028 276.930 275.280   0.228
  2 16   0.048   0.950 276.830 275.134   0.225
  2 17   0.088   0.901 276.830 275.134   0.642
  2 18  -0.113   1.121 276.893 275.209   0.549
  2 19  -0.139   1.152 277.197 275.533   0.537
  2 20  -0.094   1.110 277.226 275.614   0.556
  2 21  -0.027   1.048 277.194 275.622   0.604
  2 22  -0.055   1.081 277.195 275.609   0.754
  2 23  -0.176   1.220 277.146 275.627   0.712
  2 24  -0.337   1.389 277.070 275.683   0.769
  2 25  -0.400   1.471 276.857 275.435   0.834
  2 26  -0.394   1.461 276.535 275.153   0.846
  2 27  -0.548   1.615 276.212 274.902   1.024
  2 28  -0.532   1.593 275.415 273.971   1.059
  2 29  -0.303   1.345 274.392 272.866   1.125
  2 30   0.001   1.023 272.754 271.022   1.751

   3   3 277.896
   3   4   5
  3  1   1.209   0.047  -0.175 272.016 259.443 244.093   0.737
  3  2   1.171  -0.050  -0.030 273.371 261.702 246.626   0.759
  3  3   1.392  -0.440   0.043 274.659 263.635 248.897   0.675
  3  4   1.334  -0.620   0.379 275.500 265.175 250.762   0.695
  3  5   1.442  -0.902   0.540 276.333 266.633 252.486   0.600
  3  6   1.395  -0.783   0.437 277.052 267.836 253.921   0.503
  3  7   1.313  -0.808   0.600 277.436 268.757 255.085   0.466
  3  8   1.350  -0.913   0.684 277.741 269.476 256.045   0.358
  3  9   1.256  -0.593   0.390 277.779 270.030 256.835   0.363
  3 10   1.170  -0.324   0.173 277.770 270.455 257.487   0.249
  3 11   1.116  -0.272   0.197 277.877 270.816 258.015   0.248
  3 12   1.128  -0.329   0.247 277.792 271.101 258.441   0.328
  3 13   1.025  -0.007  -0.044 277.703 271.273 258.734   0.322
  3 14   1.022   0.055  -0.119 277.808 271.419 258.941   0.284
  3 15   1.021  -0.088   0.087 277.939 271.511 259.060   0.118
  3 16   0.976   0.032  -0.007 277.853 271.499 259.045   0.116
  3 17   1.051   0.007  -0.098 277.804 271.448 258.955   0.298
  3 18   1.045  -0.016  -0.047 277.801 271.314 258.739   0.309
  3 19   1.072  -0.387   0.395 277.863 271.129 258.430   0.306
  3 20   1.113  -0.448   0.415 277.716 270.851 258.009   0.264
  3 21   1.212  -0.638   0.508 277.661 270.486 257.470   0.327
  3 22   1.250  -0.695   0.524 277.610 270.019 256.784   0.396
  3 23   1.289  -0.925   0.779 277.418 269.458 255.981   0.413
  3 24   1.370  -1.002   0.749 277.232 268.741 254.990   0.405
  3 25   1.423  -0.958   0.616 276.615 267.800 253.778   0.496
  3 26   1.464  -0.691   0.195 275.760 266.517 252.246   0.560
  3 27   1.326  -0.485   0.181 274.832 264.954 250.417   0.627
  3 28   1.292  -0.051  -0.335 273.797 263.258 248.456   0.638
  3 29   1.177   0.218  -0.459 272.436 261.255 246.127   0.626
  3 30   1.038   0.253  -0.145 270.988 258.819 243.338   0.718

   4   3 271.505
   3   4   5
  4  1   0.022   1.418  -0.260 272.016 259.443 244.093   0.294
  4  2  -0.019   1.415  -0.252 273.371 261.702 246.626   0.282
  4  3   0.038   1.265  -0.207 274.659 263.635 248.897   0.226
  4  4   0.015   1.179  -0.085 275.500 265.175 250.762   0.214
  4  5   0.059   1.014   0.027 276.333 266.633 252.486   0.167
  4  6   0.064   1.031  -0.041 277.052 267.836 253.921   0.128
  4  7   0.052   0.974   0.037 277.436 268.757 255.085   0.143
  4  8   0.103   0.814   0.152 277.741 269.476 256.045   0.115
  4  9   0.095   0.830   0.122 277.779 270.030 256.835   0.132
  4 10   0.048   0.965   0.006 277.770 270.455 257.487   0.115
  4 11   0.030   0.982   0.006 277.877 270.816 258.015   0.099
  4 12   0.053   0.904   0.066 277.792 271.101 258.441   0.146
  4 13   0.007   1.028  -0.049 277.703 271.273 258.734   0.126
  4 14   0.019   1.003  -0.035 277.808 271.419 258.941   0.105
  4 15   0.018   0.927   0.071 277.939 271.511 259.060   0.052
  4 16  -0.018   1.047  -0.037 277.853 271.499 259.045   0.053
  4 17   0.029   0.973  -0.008 277.804 271.448 258.955   0.112
  4 18   0.043   0.954   0.004 277.801 271.314 258.739   0.119
  4 19   0.031   0.835   0.176 277.863 271.129 258.430   0.125
  4 20   0.033   0.875   0.135 277.716 270.851 258.009   0.117
  4 21   0.061   0.822   0.168 277.661 270.486 257.470   0.156
  4 22   0.079   0.832   0.138 277.610 270.019 256.784   0.169
  4 23   0.076   0.779   0.236 277.418 269.458 255.981   0.189
  4 24   0.064   0.802   0.246 277.232 268.741 254.990   0.188
  4 25   0.061   0.953   0.068 276.615 267.800 253.778   0.201
  4 26   0.072   1.057  -0.064 275.760 266.517 252.246   0.234
  4 27   0.020   1.157  -0.070 274.832 264.954 250.417   0.262
  4 28   0.018   1.319  -0.254 273.797 263.258 248.456   0.247
  4 29   0.011   1.444  -0.370 272.436 261.255 246.127   0.276
  4 30  -0.003   1.443  -0.263 270.988 258.819 243.338   0.273

   5   3 259.052
   4   5   6
  5  1   0.600   0.592  -0.148 259.443 244.093 227.059   0.244
  5  2   0.402   0.824  -0.178 261.702 246.626 229.285   0.229
  5  3   0.312   0.887  -0.157 263.635 248.897 231.259   0.185
  5  4   0.206   0.988  -0.146 265.175 250.762 232.901   0.147
  5  5   0.127   1.050  -0.124 266.633 252.486 234.364   0.105
  5  6   0.162   0.953  -0.098 267.836 253.921 235.671   0.086
  5  7   0.119   0.979  -0.079 268.757 255.085 236.826   0.085
  5  8   0.109   0.951  -0.036 269.476 256.045 237.785   0.061
  5  9   0.065   0.988  -0.032 270.030 256.835 238.601   0.070
  5 10   0.080   0.951  -0.030 270.455 257.487 239.272   0.066
  5 11   0.070   0.947  -0.019 270.816 258.015 239.820   0.059
  5 12   0.072   0.921   0.008 271.101 258.441 240.275   0.079
  5 13   0.033   0.967  -0.013 271.273 258.734 240.602   0.060
  5 14   0.059   0.916   0.012 271.419 258.941 240.840   0.053
  5 15   0.002   0.993   0.012 271.511 259.060 240.941   0.028
  5 16  -0.008   1.015  -0.012 271.499 259.045 240.943   0.027
  5 17   0.022   0.971   0.005 271.448 258.955 240.851   0.055
  5 18   0.051   0.936   0.014 271.314 258.739 240.643   0.058
  5 19  -0.067   1.115  -0.019 271.129 258.430 240.323   0.071
  5 20  -0.029   1.079  -0.024 270.851 258.009 239.874   0.076
  5 21  -0.025   1.093  -0.037 270.486 257.470 239.316   0.101
  5 22   0.024   1.047  -0.045 270.019 256.784 238.651   0.114
  5 23  -0.005   1.121  -0.067 269.458 255.981 237.863   0.131
  5 24  -0.017   1.177  -0.095 268.741 254.990 236.936   0.151
  5 25   0.084   1.074  -0.119 267.800 253.778 235.799   0.167
  5 26   0.146   1.032  -0.143 266.517 252.246 234.424   0.190
  5 27   0.205   0.995  -0.152 264.954 250.417 232.679   0.215
  5 28   0.312   0.897  -0.172 263.258 248.456 231.059   0.216
  5 29   0.401   0.831  -0.199 261.255 246.127 229.087   0.241
  5 30   0.513   0.737  -0.196 258.819 243.338 226.739   0.235

   6   3 239.390
   5   6   7
  6  1   0.816   0.147   0.026 242.359 226.046 217.187   0.134
  6  2   0.552   0.567  -0.123 244.753 228.179 218.615   0.121
  6  3   0.362   0.834  -0.196 246.869 230.076 219.919   0.106
  6  4   0.251   0.958  -0.206 248.592 231.654 221.059   0.092
  6  5   0.176   1.024  -0.195 250.158 233.059 222.139   0.085
  6  6   0.115   1.072  -0.182 251.444 234.323 223.114   0.066
  6  7   0.082   1.074  -0.150 252.465 235.438 223.982   0.061
  6  8   0.059   1.065  -0.118 253.280 236.358 224.679   0.064
  6  9   0.038   1.061  -0.093 253.950 237.141 225.312   0.057
  6 10   0.026   1.046  -0.069 254.504 237.789 225.853   0.040
  6 11   0.020   1.025  -0.044 254.945 238.317 226.267   0.035
  6 12   0.012   1.016  -0.026 255.291 238.753 226.637   0.038
  6 13   0.006   1.008  -0.015 255.535 239.069 226.904   0.029
  6 14   0.002   1.003  -0.004 255.702 239.295 227.076   0.025
  6 15   0.001   1.000   0.000 255.796 239.390 227.161   0.013
  6 16  -0.001   1.000   0.000 255.781 239.391 227.161   0.013
  6 17  -0.004   1.012  -0.008 255.696 239.294 227.065   0.024
  6 18  -0.001   1.019  -0.016 255.517 239.092 226.886   0.036
  6 19   0.000   1.034  -0.034 255.260 238.784 226.605   0.042
  6 20   0.008   1.043  -0.049 254.912 238.354 226.264   0.047
  6 21   0.016   1.057  -0.070 254.461 237.815 225.815   0.059
  6 22   0.027   1.071  -0.096 253.883 237.176 225.279   0.070
  6 23   0.038   1.094  -0.127 253.201 236.414 224.649   0.083
  6 24   0.056   1.111  -0.159 252.351 235.524 223.916   0.094
  6 25   0.088   1.108  -0.190 251.282 234.426 223.054   0.103
  6 26   0.129   1.095  -0.221 249.893 233.093 221.997   0.120
  6 27   0.216   1.014  -0.223 248.222 231.408 220.718   0.132
  6 28   0.325   0.890  -0.212 246.412 229.843 219.518   0.136
  6 29   0.501   0.648  -0.153 244.230 227.946 218.148   0.143
  6 30   0.751   0.270  -0.033 241.584 225.694 216.603   0.142

   7   3 227.161
   6   7   8
  7  1   1.130  -0.283   0.161 226.046 217.187 212.367   0.097
  7  2   0.917  -0.018   0.104 228.179 218.615 213.015   0.081
  7  3   0.749   0.179   0.073 230.076 219.919 213.736   0.060
  7  4   0.621   0.320   0.059 231.654 221.059 214.437   0.052
  7  5   0.551   0.358   0.091 233.059 222.139 215.262   0.048
  7  6   0.396   0.584   0.022 234.323 223.114 215.941   0.031
  7  7   0.304   0.691   0.007 235.438 223.982 216.500   0.029
  7  8   0.291   0.653   0.058 236.358 224.679 216.996   0.036
  7  9   0.196   0.783   0.024 237.141 225.312 217.406   0.036
  7 10   0.084   0.951  -0.034 237.789 225.853 217.776   0.025
  7 11   0.089   0.906   0.007 238.317 226.267 218.090   0.026
  7 12   0.057   0.938   0.007 238.753 226.637 218.343   0.028
  7 13  -0.012   1.046  -0.032 239.069 226.904 218.528   0.023
  7 14   0.003   1.003  -0.005 239.295 227.076 218.668   0.021
  7 15   0.019   0.965   0.016 239.390 227.161 218.736   0.015
  7 16  -0.018   1.034  -0.016 239.391 227.161 218.726   0.015
  7 17   0.021   0.966   0.012 239.294 227.065 218.657   0.018
  7 18   0.056   0.913   0.031 239.092 226.886 218.528   0.026
  7 19   0.051   0.941   0.006 238.784 226.605 218.331   0.029
  7 20   0.095   0.887   0.018 238.354 226.264 218.074   0.030
  7 21   0.128   0.857   0.013 237.815 225.815 217.758   0.037
  7 22   0.174   0.811   0.013 237.176 225.279 217.372   0.046
  7 23   0.225   0.765   0.010 236.414 224.649 216.932   0.053
  7 24   0.255   0.770  -0.023 235.524 223.916 216.427   0.058
  7 25   0.336   0.681  -0.015 234.426 223.054 215.824   0.065
  7 26   0.411   0.612  -0.023 233.093 221.997 215.026   0.080
  7 27   0.568   0.411   0.026 231.408 220.718 214.096   0.084
  7 28   0.693   0.264   0.047 229.843 219.518 213.286   0.094
  7 29   0.869   0.036   0.097 227.946 218.148 212.451   0.108
  7 30   1.053  -0.174   0.123 225.694 216.603 211.626   0.110

   8   3 218.731
   7   8   9
  8  1   1.042   0.003  -0.045 217.187 212.367 212.019   0.085
  8  2   0.814   0.251  -0.063 218.615 213.015 211.659   0.066
  8  3   0.636   0.424  -0.059 219.919 213.736 211.381   0.062
  8  4   0.502   0.562  -0.060 221.059 214.437 211.165   0.053
  8  5   0.392   0.671  -0.058 222.139 215.262 211.066   0.063
  8  6   0.316   0.727  -0.038 223.114 215.941 211.031   0.045
  8  7   0.243   0.794  -0.032 223.982 216.500 211.036   0.039
  8  8   0.185   0.849  -0.028 224.679 216.996 211.003   0.047
  8  9   0.144   0.870  -0.010 225.312 217.406 211.003   0.040
  8 10   0.108   0.890   0.002 225.853 217.776 211.010   0.033
  8 11   0.065   0.946  -0.007 226.267 218.090 210.988   0.036
  8 12   0.041   0.965  -0.002 226.637 218.343 211.006   0.033
  8 13   0.028   0.964   0.008 226.904 218.528 211.003   0.027
  8 14   0.015   0.979   0.007 227.076 218.668 211.020   0.020
  8 15  -0.006   1.011  -0.005 227.161 218.736 211.004   0.022
  8 16   0.009   0.982   0.008 227.161 218.726 210.982   0.022
  8 17   0.008   0.991   0.000 227.065 218.657 210.964   0.023
  8 18   0.031   0.964   0.006 226.886 218.528 210.926   0.029
  8 19   0.044   0.955   0.000 226.605 218.331 210.895   0.027
  8 20   0.061   0.954  -0.012 226.264 218.074 210.876   0.031
  8 21   0.085   0.937  -0.021 225.815 217.758 210.842   0.034
  8 22   0.132   0.887  -0.019 225.279 217.372 210.812   0.038
  8 23   0.179   0.852  -0.028 224.649 216.932 210.770   0.038
  8 24   0.236   0.808  -0.039 223.916 216.427 210.776   0.043
  8 25   0.301   0.757  -0.050 223.054 215.824 210.767   0.046
  8 26   0.378   0.683  -0.057 221.997 215.026 210.716   0.049
  8 27   0.491   0.584  -0.065 220.718 214.096 210.649   0.063
  8 28   0.608   0.490  -0.086 219.518 213.286 210.702   0.071
  8 29   0.769   0.339  -0.096 218.148 212.451 210.848   0.087
  8 30   0.983   0.106  -0.084 216.603 211.626 211.146   0.095

   9   3 210.993
   8   9  10
  9  1   0.479   0.835  -0.273 212.367 212.019 217.529   0.113
  9  2   0.383   0.914  -0.257 213.015 211.659 216.952   0.106
  9  3   0.277   0.985  -0.233 213.736 211.381 216.431   0.114
  9  4   0.221   1.006  -0.201 214.437 211.165 216.003   0.095
  9  5   0.184   1.014  -0.173 215.262 211.066 215.686   0.089
  9  6   0.146   1.020  -0.144 215.941 211.031 215.490   0.079
  9  7   0.099   1.027  -0.112 216.500 211.036 215.306   0.065
  9  8   0.088   1.018  -0.090 216.996 211.003 215.133   0.064
  9  9   0.064   1.016  -0.068 217.406 211.003 214.989   0.055
  9 10   0.028   1.015  -0.040 217.776 211.010 214.875   0.050
  9 11   0.028   1.008  -0.030 218.090 210.988 214.781   0.044
  9 12   0.015   1.003  -0.014 218.343 211.006 214.696   0.048
  9 13   0.005   1.000  -0.004 218.528 211.003 214.644   0.041
  9 14   0.010   0.998  -0.003 218.668 211.020 214.600   0.026
  9 15   0.012   1.001  -0.009 218.736 211.004 214.573   0.026
  9 16  -0.012   0.999   0.009 218.726 210.982 214.555   0.026
  9 17   0.004   1.000  -0.003 218.657 210.964 214.550   0.033
  9 18   0.018   0.998  -0.010 218.528 210.926 214.558   0.040
  9 19   0.016   1.005  -0.017 218.331 210.895 214.576   0.042
  9 20   0.023   1.006  -0.024 218.074 210.876 214.622   0.051
  9 21   0.038   1.013  -0.045 217.758 210.842 214.680   0.055
  9 22   0.051   1.018  -0.063 217.372 210.812 214.768   0.056
  9 23   0.090   1.018  -0.093 216.932 210.770 214.860   0.060
  9 24   0.108   1.023  -0.115 216.427 210.776 215.001   0.075
  9 25   0.158   1.014  -0.145 215.824 210.767 215.156   0.074
  9 26   0.186   1.013  -0.173 215.026 210.716 215.287   0.077
  9 27   0.245   0.990  -0.200 214.096 210.649 215.429   0.091
  9 28   0.350   0.930  -0.232 213.286 210.702 215.679   0.086
  9 29   0.435   0.866  -0.250 212.451 210.848 216.066   0.097
  9 30   0.567   0.739  -0.248 211.626 211.146 216.619   0.107

  10   3 214.564
   9  10  11
 10  1   0.541   0.518  -0.065 212.019 217.529 225.013   0.072
 10  2   0.437   0.622  -0.062 211.659 216.952 224.332   0.067
 10  3   0.332   0.746  -0.080 211.381 216.431 223.723   0.077
 10  4   0.273   0.791  -0.064 211.165 216.003 223.201   0.064
 10  5   0.203   0.868  -0.072 211.066 215.686 222.809   0.062
 10  6   0.167   0.888  -0.055 211.031 215.490 222.533   0.063
 10  7   0.139   0.898  -0.036 211.036 215.306 222.277   0.051
 10  8   0.090   0.955  -0.043 211.003 215.133 222.040   0.048
 10  9   0.073   0.955  -0.027 211.003 214.989 221.835   0.048
 10 10   0.068   0.938  -0.005 211.010 214.875 221.669   0.042
 10 11   0.026   0.995  -0.019 210.988 214.781 221.523   0.036
 10 12   0.009   1.009  -0.016 211.006 214.696 221.407   0.047
 10 13   0.008   0.998  -0.004 211.003 214.644 221.323   0.041
 10 14  -0.007   1.016  -0.008 211.020 214.600 221.261   0.029
 10 15   0.005   0.992   0.003 211.004 214.573 221.223   0.027
 10 16  -0.002   1.003  -0.001 210.982 214.555 221.208   0.027
 10 17  -0.003   1.007  -0.005 210.964 214.550 221.211   0.030
 10 18   0.000   1.009  -0.008 210.926 214.558 221.238   0.039
 10 19   0.014   0.997  -0.010 210.895 214.576 221.283   0.043
 10 20   0.010   1.019  -0.027 210.876 214.622 221.373   0.047
 10 21   0.036   0.993  -0.028 210.842 214.680 221.482   0.046
 10 22   0.060   0.972  -0.031 210.812 214.768 221.620   0.046
 10 23   0.096   0.935  -0.031 210.770 214.860 221.770   0.045
 10 24   0.151   0.869  -0.021 210.776 215.001 221.976   0.048
 10 25   0.178   0.860  -0.038 210.767 215.156 222.200   0.049
 10 26   0.237   0.793  -0.031 210.716 215.287 222.416   0.049
 10 27   0.271   0.788  -0.060 210.649 215.429 222.640   0.058
 10 28   0.350   0.700  -0.052 210.702 215.679 222.953   0.066
 10 29   0.436   0.608  -0.048 210.848 216.066 223.426   0.076
 10 30   0.552   0.473  -0.032 211.146 216.619 224.080   0.087

  11   3 221.216
  10  11  12
 11  1   0.527   0.508  -0.034 217.529 225.013 234.467   0.053
 11  2   0.417   0.631  -0.046 216.952 224.332 233.666   0.057
 11  3   0.322   0.758  -0.077 216.431 223.723 232.951   0.070
 11  4   0.260   0.800  -0.058 216.003 223.201 232.350   0.060
 11  5   0.203   0.862  -0.063 215.686 222.809 231.894   0.060
 11  6   0.159   0.899  -0.057 215.490 222.533 231.563   0.058
 11  7   0.131   0.894  -0.026 215.306 222.277 231.258   0.047
 11  8   0.096   0.935  -0.030 215.133 222.040 230.965   0.037
 11  9   0.071   0.954  -0.024 214.989 221.835 230.726   0.046
 11 10   0.059   0.940   0.001 214.875 221.669 230.518   0.040
 11 11   0.035   0.973  -0.007 214.781 221.523 230.345   0.030
 11 12   0.021   0.986  -0.006 214.696 221.407 230.212   0.039
 11 13   0.011   0.991  -0.001 214.644 221.323 230.109   0.038
 11 14  -0.002   1.013  -0.010 214.600 221.261 230.041   0.029
 11 15   0.001   0.997   0.002 214.573 221.223 229.992   0.022
 11 16  -0.001   1.002  -0.001 214.555 221.208 229.976   0.022
 11 17  -0.001   1.007  -0.006 214.550 221.211 229.990   0.036
 11 18   0.007   0.997  -0.004 214.558 221.238 230.020   0.048
 11 19   0.017   0.992  -0.008 214.576 221.283 230.084   0.048
 11 20   0.021   1.010  -0.029 214.622 221.373 230.191   0.041
 11 21   0.037   0.999  -0.034 214.680 221.482 230.334   0.043
 11 22   0.053   1.000  -0.050 214.768 221.620 230.504   0.048
 11 23   0.081   0.975  -0.054 214.860 221.770 230.706   0.043
 11 24   0.125   0.910  -0.037 215.001 221.976 230.961   0.051
 11 25   0.155   0.900  -0.055 215.156 222.200 231.232   0.051
 11 26   0.201   0.856  -0.057 215.287 222.416 231.519   0.052
 11 27   0.250   0.833  -0.080 215.429 222.640 231.797   0.058
 11 28   0.315   0.765  -0.079 215.679 222.953 232.192   0.055
 11 29   0.397   0.681  -0.076 216.066 223.426 232.763   0.076
 11 30   0.508   0.548  -0.056 216.619 224.080 233.541   0.073

  12   3 229.984
  11  12  13
 12  1   0.483   0.554  -0.032 225.013 234.467 245.288   0.096
 12  2   0.376   0.666  -0.040 224.332 233.666 244.412   0.095
 12  3   0.301   0.765  -0.063 223.723 232.951 243.631   0.087
 12  4   0.230   0.813  -0.043 223.201 232.350 242.967   0.079
 12  5   0.184   0.862  -0.044 222.809 231.894 242.458   0.077
 12  6   0.144   0.893  -0.037 222.533 231.563 242.082   0.071
 12  7   0.106   0.913  -0.019 222.277 231.258 241.734   0.051
 12  8   0.080   0.928  -0.008 222.040 230.965 241.395   0.047
 12  9   0.061   0.952  -0.013 221.835 230.726 241.119   0.051
 12 10   0.042   0.963  -0.004 221.669 230.518 240.880   0.043
 12 11   0.028   0.967   0.005 221.523 230.345 240.685   0.042
 12 12   0.017   0.978   0.005 221.407 230.212 240.530   0.034
 12 13   0.009   0.985   0.006 221.323 230.109 240.411   0.030
 12 14   0.003   0.996   0.001 221.261 230.041 240.328   0.025
 12 15   0.001   0.992   0.007 221.223 229.992 240.281   0.019
 12 16   0.000   1.007  -0.006 221.208 229.976 240.263   0.020
 12 17   0.001   0.998   0.000 221.211 229.990 240.281   0.039
 12 18   0.005   0.987   0.007 221.238 230.020 240.325   0.050
 12 19   0.017   0.984  -0.002 221.283 230.084 240.403   0.054
 12 20   0.027   0.992  -0.019 221.373 230.191 240.528   0.049
 12 21   0.041   0.993  -0.033 221.482 230.334 240.705   0.059
 12 22   0.061   1.002  -0.060 221.620 230.504 240.906   0.073
 12 23   0.086   0.978  -0.062 221.770 230.706 241.149   0.070
 12 24   0.112   0.927  -0.041 221.976 230.961 241.450   0.083
 12 25   0.142   0.910  -0.055 222.200 231.232 241.771   0.093
 12 26   0.187   0.885  -0.073 222.416 231.519 242.112   0.097
 12 27   0.242   0.839  -0.081 222.640 231.797 242.450   0.114
 12 28   0.304   0.781  -0.084 222.953 232.192 242.913   0.117
 12 29   0.383   0.705  -0.085 223.426 232.763 243.558   0.138
 12 30   0.485   0.587  -0.071 224.080 233.541 244.419   0.130

  13   2 240.272
  12  13
 13  1   0.519   0.494 234.467 245.288   0.160
 13  2   0.417   0.594 233.666 244.412   0.151
 13  3   0.354   0.657 232.951 243.631   0.110
 13  4   0.271   0.738 232.350 242.967   0.100
 13  5   0.231   0.777 231.894 242.458   0.098
 13  6   0.172   0.835 231.563 242.082   0.079
 13  7   0.136   0.870 231.258 241.734   0.062
 13  8   0.088   0.917 230.965 241.395   0.066
 13  9   0.074   0.930 230.726 241.119   0.061
 13 10   0.062   0.943 230.518 240.880   0.058
 13 11   0.015   0.986 230.345 240.685   0.057
 13 12   0.005   0.996 230.212 240.530   0.055
 13 13  -0.001   1.002 230.109 240.411   0.048
 13 14  -0.019   1.018 230.041 240.328   0.036
 13 15  -0.008   1.007 229.992 240.281   0.021
 13 16   0.008   0.993 229.976 240.263   0.021
 13 17  -0.008   1.007 229.990 240.281   0.048
 13 18  -0.008   1.007 230.020 240.325   0.058
 13 19   0.014   0.985 230.084 240.403   0.062
 13 20   0.035   0.965 230.191 240.528   0.068
 13 21   0.069   0.933 230.334 240.705   0.075
 13 22   0.130   0.875 230.504 240.906   0.098
 13 23   0.152   0.851 230.706 241.149   0.086
 13 24   0.159   0.841 230.961 241.450   0.111
 13 25   0.203   0.799 231.232 241.771   0.121
 13 26   0.278   0.725 231.519 242.112   0.141
 13 27   0.332   0.672 231.797 242.450   0.166
 13 28   0.400   0.606 232.192 242.913   0.174
 13 29   0.472   0.533 232.763 243.558   0.195
 13 30   0.571   0.433 233.541 244.419   0.188

  14   3 250.579
  12  13  14
 14  1  -0.046   0.624   0.427 234.467 245.288 254.151   0.152
 14  2  -0.094   0.598   0.497 233.666 244.412 253.637   0.148
 14  3  -0.106   0.539   0.565 232.951 243.631 253.141   0.112
 14  4  -0.127   0.504   0.619 232.350 242.967 252.670   0.103
 14  5  -0.092   0.401   0.689 231.894 242.458 252.317   0.105
 14  6  -0.122   0.383   0.735 231.563 242.082 252.046   0.090
 14  7  -0.062   0.256   0.807 231.258 241.734 251.781   0.081
 14  8  -0.079   0.243   0.835 230.965 241.395 251.528   0.084
 14  9  -0.027   0.131   0.898 230.726 241.119 251.297   0.074
 14 10   0.022   0.042   0.942 230.518 240.880 251.101   0.071
 14 11  -0.057   0.118   0.936 230.345 240.685 250.930   0.070
 14 12  -0.027   0.058   0.969 230.212 240.530 250.797   0.081
 14 13  -0.020   0.037   0.984 230.109 240.411 250.698   0.068
 14 14  -0.049   0.070   0.975 230.041 240.328 250.631   0.058
 14 15  -0.005   0.007   0.998 229.992 240.281 250.590   0.023
 14 16   0.003  -0.004   1.001 229.976 240.263 250.568   0.023
 14 17  -0.029   0.042   0.984 229.990 240.281 250.586   0.048
 14 18  -0.053   0.085   0.962 230.020 240.325 250.618   0.065
 14 19  -0.050   0.089   0.956 230.084 240.403 250.682   0.058
 14 20  -0.059   0.113   0.940 230.191 240.528 250.790   0.067
 14 21  -0.049   0.137   0.907 230.334 240.705 250.935   0.070
 14 22  -0.002   0.107   0.893 230.504 240.906 251.113   0.098
 14 23  -0.011   0.153   0.856 230.706 241.149 251.305   0.087
 14 24  -0.058   0.248   0.802 230.961 241.450 251.541   0.105
 14 25  -0.118   0.385   0.720 231.232 241.771 251.802   0.113
 14 26  -0.045   0.344   0.693 231.519 242.112 252.036   0.131
 14 27  -0.082   0.454   0.617 231.797 242.450 252.236   0.159
 14 28  -0.053   0.481   0.564 232.192 242.913 252.528   0.168
 14 29  -0.039   0.527   0.504 232.763 243.558 252.928   0.196
 14 30   0.048   0.499   0.451 233.541 244.419 253.436   0.201

  15   2 280.466
   2  15
 15  1   0.166   0.832 271.051 278.419   1.012
 15  2   0.261   0.739 272.846 279.198   0.944
 15  3   0.222   0.787 274.068 279.868   0.799
 15  4   0.159   0.866 274.680 280.115   0.745
 15  5   0.099   0.938 275.322 280.521   0.587
 15  6   0.032   1.005 275.468 280.697   0.472
 15  7  -0.003   1.044 275.554 280.821   0.420
 15  8   0.011   1.041 275.741 280.910   0.419
 15  9   0.036   0.994 275.738 280.812   0.423
 15 10   0.001   1.028 275.556 280.744   0.336
 15 11   0.002   1.029 275.460 280.679   0.275
 15 12  -0.063   1.095 275.356 280.638   0.303
 15 13  -0.004   1.004 275.243 280.512   0.365
 15 14   0.032   0.959 275.265 280.484   0.321
 15 15   0.014   0.988 275.280 280.509   0.127
 15 16  -0.017   1.014 275.134 280.424   0.125
 15 17  -0.046   1.052 275.134 280.469   0.317
 15 18   0.030   0.969 275.209 280.403   0.337
 15 19   0.051   0.950 275.533 280.564   0.356
 15 20   0.028   0.983 275.614 280.671   0.316
 15 21   0.015   1.007 275.622 280.675   0.398
 15 22  -0.013   1.040 275.609 280.720   0.446
 15 23   0.009   1.021 275.627 280.750   0.501
 15 24   0.041   0.990 275.683 280.814   0.539
 15 25   0.021   1.020 275.435 280.714   0.584
 15 26   0.045   0.989 275.153 280.537   0.573
 15 27   0.099   0.917 274.902 280.321   0.750
 15 28   0.106   0.891 273.971 279.847   0.790
 15 29   0.140   0.842 272.866 279.350   0.868
 15 30   0.054   0.945 271.022 278.470   1.005
