 
   1   2 270.072
   1   2
  1  1   1.499  -0.591 265.573 262.830   2.158
  1  2   1.027  -0.040 267.285 264.908   1.560
  1  3   0.941   0.079 268.738 266.720   1.232
  1  4   1.040  -0.010 269.568 267.686   1.089
  1  5   1.248  -0.221 270.187 268.367   1.007
  1  6   1.210  -0.181 270.605 268.902   0.921
  1  7   1.313  -0.295 270.673 269.019   0.733
  1  8   1.358  -0.347 270.685 269.078   0.611
  1  9   1.261  -0.252 270.849 269.444   0.658
  1 10   1.373  -0.381 270.856 269.345   0.546
  1 11   1.241  -0.245 270.517 269.066   0.485
  1 12   1.197  -0.202 270.404 268.800   0.542
  1 13   1.207  -0.217 270.403 268.890   0.485
  1 14   1.171  -0.183 270.421 268.894   0.325
  1 15   0.996   0.011 270.033 268.486   0.260
  1 16   1.058  -0.070 270.112 268.519   0.252
  1 17   1.205  -0.218 270.172 268.517   0.422
  1 18   1.044  -0.042 270.207 268.577   0.475
  1 19   1.275  -0.283 270.509 269.005   0.430
  1 20   1.135  -0.128 270.413 268.743   0.427
  1 21   1.077  -0.060 270.333 268.686   0.456
  1 22   1.195  -0.179 270.348 268.877   0.483
  1 23   1.280  -0.272 270.288 268.811   0.625
  1 24   1.197  -0.168 269.868 268.483   0.622
  1 25   1.126  -0.078 269.599 268.335   0.623
  1 26   1.138  -0.090 269.386 268.253   0.716
  1 27   1.089  -0.046 268.812 267.655   0.744
  1 28   0.804   0.252 268.056 266.773   0.918
  1 29   0.502   0.573 266.789 265.511   1.081
  1 30   0.512   0.515 265.305 263.884   1.615
 
   2   2 268.502
   1   2
  2  1   0.780   0.095 265.573 262.830   2.374
  2  2   0.215   0.747 267.285 264.908   1.689
  2  3   0.014   0.986 268.738 266.720   1.296
  2  4   0.096   0.916 269.568 267.686   1.113
  2  5   0.319   0.689 270.187 268.367   1.030
  2  6   0.283   0.727 270.605 268.902   0.926
  2  7   0.384   0.619 270.673 269.019   0.742
  2  8   0.436   0.561 270.685 269.078   0.634
  2  9   0.300   0.699 270.849 269.444   0.685
  2 10   0.418   0.565 270.856 269.345   0.571
  2 11   0.272   0.718 270.517 269.066   0.512
  2 12   0.232   0.756 270.404 268.800   0.569
  2 13   0.225   0.762 270.403 268.890   0.502
  2 14   0.184   0.802 270.421 268.894   0.362
  2 15   0.000   1.007 270.033 268.486   0.308
  2 16   0.069   0.917 270.112 268.519   0.298
  2 17   0.224   0.760 270.172 268.517   0.448
  2 18   0.047   0.955 270.207 268.577   0.515
  2 19   0.305   0.683 270.509 269.005   0.462
  2 20   0.170   0.832 270.413 268.743   0.496
  2 21   0.099   0.916 270.333 268.686   0.487
  2 22   0.235   0.774 270.348 268.877   0.503
  2 23   0.329   0.672 270.288 268.811   0.681
  2 24   0.291   0.730 269.868 268.483   0.664
  2 25   0.233   0.807 269.599 268.335   0.707
  2 26   0.269   0.768 269.386 268.253   0.776
  2 27   0.219   0.814 268.812 267.655   0.815
  2 28  -0.077   1.127 268.056 266.773   0.959
  2 29  -0.367   1.439 266.789 265.511   1.091
  2 30  -0.311   1.339 265.305 263.884   1.634
 
   3   3 272.337
   3   4   5
  3  1   1.175   0.288  -0.642 268.143 256.728 241.964   0.604
  3  2   1.220   0.101  -0.459 269.290 258.896 244.527   0.488
  3  3   1.271  -0.104  -0.276 270.128 260.558 246.594   0.561
  3  4   1.339  -0.379  -0.002 270.912 262.041 248.440   0.546
  3  5   1.376  -0.611   0.242 271.505 263.354 250.097   0.532
  3  6   1.302  -0.417   0.089 271.963 264.380 251.485   0.461
  3  7   1.239  -0.374   0.142 272.250 265.148 252.606   0.406
  3  8   1.205  -0.348   0.162 272.398 265.768 253.515   0.368
  3  9   1.198  -0.363   0.175 272.478 266.253 254.243   0.353
  3 10   1.127  -0.228   0.107 272.526 266.674 254.852   0.310
  3 11   1.111  -0.214   0.106 272.443 266.941 255.348   0.275
  3 12   1.034  -0.040   0.002 272.474 267.188 255.751   0.276
  3 13   1.029  -0.067   0.038 272.435 267.362 256.034   0.251
  3 14   0.975   0.067  -0.046 272.392 267.479 256.241   0.166
  3 15   0.996   0.032  -0.031 272.313 267.486 256.312   0.126
  3 16   0.982   0.029  -0.012 272.362 267.521 256.321   0.124
  3 17   0.972   0.054  -0.015 272.381 267.464 256.222   0.195
  3 18   0.975   0.111  -0.093 272.308 267.298 255.995   0.231
  3 19   0.917   0.249  -0.166 272.328 267.108 255.694   0.206
  3 20   0.947   0.250  -0.212 272.249 266.836 255.263   0.211
  3 21   0.966   0.270  -0.262 272.139 266.480 254.745   0.209
  3 22   0.987   0.274  -0.296 272.026 266.010 254.070   0.230
  3 23   1.057   0.074  -0.140 271.920 265.515 253.328   0.320
  3 24   1.052   0.197  -0.276 271.641 264.855 252.404   0.316
  3 25   1.062   0.223  -0.300 271.240 264.042 251.254   0.340
  3 26   1.065   0.321  -0.430 270.613 262.893 249.725   0.338
  3 27   1.064   0.435  -0.592 269.714 261.410 247.927   0.333
  3 28   1.085   0.454  -0.663 268.736 259.789 246.004   0.416
  3 29   1.110   0.426  -0.640 267.654 257.874 243.663   0.479
  3 30   1.085   0.442  -0.602 266.368 255.629 241.000   0.637
 
   4   3 267.503
   3   4   5
  4  1   0.303   0.996  -0.343 268.143 256.728 241.964   0.267
  4  2   0.270   0.982  -0.294 269.290 258.896 244.527   0.188
  4  3   0.255   0.924  -0.215 270.128 260.558 246.594   0.260
  4  4   0.244   0.847  -0.098 270.912 262.041 248.440   0.233
  4  5   0.237   0.752   0.022 271.505 263.354 250.097   0.226
  4  6   0.186   0.855  -0.054 271.963 264.380 251.485   0.201
  4  7   0.147   0.852   0.011 272.250 265.148 252.606   0.165
  4  8   0.114   0.880   0.019 272.398 265.768 253.515   0.141
  4  9   0.091   0.908   0.003 272.478 266.253 254.243   0.151
  4 10   0.058   0.945  -0.003 272.526 266.674 254.852   0.131
  4 11   0.052   0.943   0.001 272.443 266.941 255.348   0.120
  4 12   0.029   0.950   0.023 272.474 267.188 255.751   0.127
  4 13   0.010   0.996  -0.013 272.435 267.362 256.034   0.112
  4 14   0.009   0.966   0.028 272.392 267.479 256.241   0.077
  4 15   0.004   0.997  -0.005 272.313 267.486 256.312   0.050
  4 16  -0.009   1.014  -0.003 272.362 267.521 256.321   0.049
  4 17  -0.006   0.991   0.025 272.381 267.464 256.222   0.088
  4 18  -0.016   1.062  -0.048 272.308 267.298 255.995   0.117
  4 19  -0.034   1.137  -0.109 272.328 267.108 255.694   0.125
  4 20  -0.023   1.146  -0.133 272.249 266.836 255.263   0.091
  4 21  -0.003   1.127  -0.131 272.139 266.480 254.745   0.092
  4 22   0.014   1.153  -0.186 272.026 266.010 254.070   0.109
  4 23   0.048   1.074  -0.125 271.920 265.515 253.328   0.114
  4 24   0.062   1.106  -0.170 271.641 264.855 252.404   0.123
  4 25   0.096   1.070  -0.156 271.240 264.042 251.254   0.171
  4 26   0.131   1.064  -0.190 270.613 262.893 249.725   0.167
  4 27   0.149   1.132  -0.304 269.714 261.410 247.927   0.169
  4 28   0.198   1.081  -0.305 268.736 259.789 246.004   0.224
  4 29   0.247   1.039  -0.291 267.654 257.874 243.663   0.245
  4 30   0.271   1.011  -0.249 266.368 255.629 241.000   0.327
 
   5   3 256.317
   4   5   6
  5  1   0.771   0.213   0.009 256.728 241.964 225.195   0.181
  5  2   0.609   0.407  -0.039 258.896 244.527 227.354   0.119
  5  3   0.470   0.578  -0.083 260.558 246.594 229.238   0.154
  5  4   0.368   0.692  -0.077 262.041 248.440 230.842   0.127
  5  5   0.280   0.781  -0.069 263.354 250.097 232.310   0.121
  5  6   0.219   0.841  -0.085 264.380 251.485 233.600   0.110
  5  7   0.159   0.891  -0.053 265.148 252.606 234.691   0.086
  5  8   0.105   0.945  -0.048 265.768 253.515 235.619   0.071
  5  9   0.072   0.976  -0.057 266.253 254.243 236.380   0.083
  5 10   0.037   1.008  -0.054 266.674 254.852 237.034   0.074
  5 11   0.013   1.038  -0.067 266.941 255.348 237.557   0.058
  5 12  -0.024   1.074  -0.058 267.188 255.751 237.966   0.066
  5 13  -0.034   1.092  -0.079 267.362 256.034 238.290   0.059
  5 14  -0.016   1.031  -0.018 267.479 256.241 238.500   0.048
  5 15   0.004   0.998  -0.007 267.486 256.312 238.597   0.029
  5 16  -0.004   1.003   0.007 267.521 256.321 238.574   0.029
  5 17  -0.003   0.997   0.018 267.464 256.222 238.470   0.060
  5 18   0.003   1.004  -0.005 267.298 255.995 238.223   0.083
  5 19   0.009   1.015  -0.026 267.108 255.694 237.874   0.102
  5 20   0.043   0.963   0.000 266.836 255.263 237.417   0.077
  5 21   0.065   0.945  -0.001 266.480 254.745 236.872   0.069
  5 22   0.108   0.909  -0.019 266.010 254.070 236.151   0.078
  5 23   0.142   0.870  -0.001 265.515 253.328 235.324   0.071
  5 24   0.179   0.848  -0.011 264.855 252.404 234.343   0.072
  5 25   0.260   0.748   0.021 264.042 251.254 233.217   0.091
  5 26   0.340   0.662   0.027 262.893 249.725 231.788   0.100
  5 27   0.426   0.582   0.000 261.410 247.927 230.040   0.105
  5 28   0.560   0.407   0.049 259.789 246.004 228.218   0.136
  5 29   0.754   0.156   0.140 257.874 243.663 226.154   0.105
  5 30   0.903  -0.009   0.202 255.629 241.000 223.783   0.118
 
   6   3 237.459
   5   6   7
  6  1   0.756   0.231   0.010 240.453 225.329 216.600   0.083
  6  2   0.581   0.463  -0.051 242.784 227.246 217.941   0.062
  6  3   0.426   0.671  -0.107 244.656 228.940 219.177   0.065
  6  4   0.290   0.858  -0.153 246.297 230.377 220.279   0.067
  6  5   0.195   0.969  -0.168 247.782 231.715 221.316   0.066
  6  6   0.141   1.005  -0.152 249.010 232.901 222.255   0.064
  6  7   0.085   1.055  -0.147 249.964 233.890 223.033   0.056
  6  8   0.048   1.078  -0.129 250.719 234.733 223.665   0.053
  6  9   0.037   1.053  -0.095 251.328 235.433 224.271   0.047
  6 10   0.022   1.047  -0.071 251.833 236.034 224.764   0.039
  6 11   0.016   1.028  -0.048 252.242 236.513 225.156   0.038
  6 12   0.005   1.024  -0.033 252.570 236.887 225.491   0.036
  6 13   0.005   1.007  -0.016 252.806 237.189 225.739   0.030
  6 14  -0.001   1.007  -0.009 252.975 237.381 225.873   0.024
  6 15   0.000   1.000  -0.002 253.036 237.472 225.967   0.014
  6 16   0.001   0.999   0.002 253.036 237.446 225.926   0.014
  6 17   0.003   1.000   0.000 252.957 237.351 225.819   0.029
  6 18   0.015   0.990  -0.003 252.785 237.132 225.623   0.038
  6 19   0.020   0.998  -0.018 252.542 236.809 225.352   0.044
  6 20   0.028   1.007  -0.033 252.192 236.387 224.979   0.047
  6 21   0.034   1.030  -0.058 251.770 235.886 224.537   0.040
  6 22   0.060   1.015  -0.071 251.219 235.226 224.011   0.046
  6 23   0.074   1.033  -0.103 250.596 234.462 223.391   0.050
  6 24   0.103   1.031  -0.128 249.817 233.555 222.666   0.059
  6 25   0.144   1.010  -0.148 248.816 232.519 221.829   0.059
  6 26   0.233   0.906  -0.127 247.469 231.205 220.802   0.060
  6 27   0.359   0.733  -0.082 245.868 229.601 219.495   0.063
  6 28   0.492   0.556  -0.038 244.136 227.941 218.217   0.070
  6 29   0.643   0.363   0.009 241.987 226.073 216.832   0.062
  6 30   0.775   0.226   0.020 239.520 223.942 215.309   0.074
 
   7   3 225.946
   6   7   8
  7  1   1.165  -0.398   0.233 225.329 216.600 210.919   0.064
  7  2   0.894   0.002   0.102 227.246 217.941 211.639   0.062
  7  3   0.689   0.279   0.029 228.940 219.177 212.333   0.053
  7  4   0.540   0.468  -0.009 230.377 220.279 213.074   0.053
  7  5   0.430   0.590  -0.019 231.715 221.316 213.919   0.048
  7  6   0.349   0.667  -0.014 232.901 222.255 214.591   0.046
  7  7   0.272   0.736  -0.011 233.890 223.033 215.121   0.041
  7  8   0.190   0.835  -0.027 234.733 223.665 215.586   0.042
  7  9   0.156   0.847  -0.005 235.433 224.271 215.984   0.035
  7 10   0.107   0.899  -0.007 236.034 224.764 216.363   0.031
  7 11   0.068   0.935  -0.006 236.513 225.156 216.667   0.037
  7 12   0.026   0.986  -0.016 236.887 225.491 216.919   0.036
  7 13   0.020   0.978  -0.001 237.189 225.739 217.124   0.032
  7 14  -0.014   1.028  -0.018 237.381 225.873 217.231   0.023
  7 15  -0.010   1.016  -0.008 237.472 225.967 217.298   0.011
  7 16   0.011   0.981   0.009 237.446 225.926 217.301   0.011
  7 17   0.021   0.972   0.011 237.351 225.819 217.241   0.026
  7 18   0.045   0.940   0.019 237.132 225.623 217.111   0.031
  7 19   0.074   0.906   0.024 236.809 225.352 216.922   0.034
  7 20   0.115   0.862   0.031 236.387 224.979 216.661   0.041
  7 21   0.143   0.849   0.020 235.886 224.537 216.338   0.039
  7 22   0.180   0.821   0.010 235.226 224.011 215.931   0.044
  7 23   0.239   0.759   0.012 234.462 223.391 215.517   0.046
  7 24   0.300   0.699   0.008 233.555 222.666 215.019   0.051
  7 25   0.367   0.644  -0.002 232.519 221.829 214.436   0.046
  7 26   0.465   0.541   0.007 231.205 220.802 213.697   0.038
  7 27   0.599   0.375   0.039 229.601 219.495 212.787   0.042
  7 28   0.753   0.183   0.077 227.941 218.217 211.962   0.045
  7 29   0.960  -0.096   0.150 226.073 216.832 211.068   0.047
  7 30   1.218  -0.466   0.262 223.942 215.309 210.216   0.051
 
   8   3 217.299
   7   8   9
  8  1   0.859   0.020   0.059 216.600 210.919 210.279   0.113
  8  2   0.722   0.241   0.004 217.941 211.639 209.954   0.098
  8  3   0.583   0.433  -0.032 219.177 212.333 209.692   0.090
  8  4   0.471   0.562  -0.039 220.279 213.074 209.470   0.078
  8  5   0.376   0.662  -0.040 221.316 213.919 209.454   0.070
  8  6   0.303   0.727  -0.030 222.255 214.591 209.465   0.066
  8  7   0.225   0.796  -0.027 223.033 215.121 209.458   0.059
  8  8   0.157   0.877  -0.036 223.665 215.586 209.465   0.056
  8  9   0.108   0.926  -0.034 224.271 215.984 209.416   0.055
  8 10   0.068   0.968  -0.033 224.764 216.363 209.478   0.053
  8 11   0.027   1.009  -0.034 225.156 216.667 209.402   0.052
  8 12  -0.003   1.041  -0.036 225.491 216.919 209.423   0.047
  8 13  -0.010   1.038  -0.026 225.739 217.124 209.538   0.041
  8 14  -0.018   1.039  -0.020 225.873 217.231 209.487   0.027
  8 15  -0.007   1.015  -0.006 225.967 217.298 209.432   0.016
  8 16   0.009   0.981   0.008 225.926 217.301 209.497   0.015
  8 17   0.011   0.987   0.002 225.819 217.241 209.453   0.032
  8 18   0.019   0.990  -0.005 225.623 217.111 209.404   0.043
  8 19   0.038   0.973  -0.006 225.352 216.922 209.267   0.048
  8 20   0.075   0.933  -0.002 224.979 216.661 209.390   0.055
  8 21   0.113   0.904  -0.005 224.537 216.338 209.335   0.056
  8 22   0.147   0.878  -0.014 224.011 215.931 209.218   0.064
  8 23   0.198   0.815  -0.008 223.391 215.517 209.140   0.065
  8 24   0.251   0.754  -0.008 222.666 215.019 209.151   0.065
  8 25   0.320   0.686  -0.009 221.829 214.436 209.076   0.059
  8 26   0.395   0.632  -0.026 220.802 213.697 209.099   0.058
  8 27   0.494   0.529  -0.025 219.495 212.787 208.995   0.066
  8 28   0.610   0.394  -0.014 218.217 211.962 208.930   0.077
  8 29   0.738   0.186   0.038 216.832 211.068 209.113   0.084
  8 30   0.868  -0.017   0.081 215.309 210.216 209.397   0.103
 
   9   3 209.465
   8   9  10
  9  1   0.198   1.085  -0.300 210.919 210.279 216.121   0.133
  9  2   0.193   1.053  -0.252 211.639 209.954 215.474   0.111
  9  3   0.176   1.043  -0.217 212.333 209.692 214.941   0.114
  9  4   0.148   1.040  -0.184 213.074 209.470 214.498   0.092
  9  5   0.127   1.033  -0.153 213.919 209.454 214.206   0.080
  9  6   0.092   1.031  -0.119 214.591 209.465 213.964   0.072
  9  7   0.060   1.038  -0.101 215.121 209.458 213.716   0.063
  9  8   0.059   1.029  -0.085 215.586 209.465 213.532   0.057
  9  9   0.069   1.015  -0.071 215.984 209.416 213.391   0.069
  9 10   0.078   1.006  -0.061 216.363 209.478 213.274   0.060
  9 11   0.078   1.004  -0.056 216.667 209.402 213.163   0.059
  9 12   0.073   1.002  -0.047 216.919 209.423 213.092   0.053
  9 13   0.064   0.997  -0.034 217.124 209.538 213.050   0.059
  9 14   0.029   1.002  -0.019 217.231 209.487 213.012   0.042
  9 15   0.014   0.998  -0.005 217.298 209.432 212.996   0.021
  9 16  -0.015   1.002   0.005 217.301 209.497 212.974   0.021
  9 17   0.006   1.000  -0.004 217.241 209.453 212.978   0.045
  9 18   0.049   0.997  -0.026 217.111 209.404 212.991   0.069
  9 19   0.056   0.996  -0.031 216.922 209.267 213.002   0.071
  9 20   0.052   0.997  -0.033 216.661 209.390 213.035   0.070
  9 21   0.076   0.992  -0.044 216.338 209.335 213.103   0.077
  9 22   0.083   0.999  -0.061 215.931 209.218 213.201   0.087
  9 23   0.077   1.009  -0.073 215.517 209.140 213.325   0.081
  9 24   0.087   1.022  -0.100 215.019 209.151 213.460   0.079
  9 25   0.084   1.036  -0.119 214.436 209.076 213.610   0.064
  9 26   0.132   1.027  -0.150 213.697 209.099 213.779   0.066
  9 27   0.177   1.013  -0.175 212.787 208.995 213.920   0.083
  9 28   0.199   1.015  -0.204 211.962 208.930 214.214   0.098
  9 29   0.148   1.085  -0.250 211.068 209.113 214.635   0.096
  9 30   0.136   1.149  -0.316 210.216 209.397 215.208   0.118
 
  10   2 212.985
   9  10
 10  1   0.570   0.421 210.279 216.121   0.142
 10  2   0.480   0.512 209.954 215.474   0.121
 10  3   0.405   0.588 209.692 214.941   0.135
 10  4   0.340   0.656 209.470 214.498   0.109
 10  5   0.279   0.718 209.454 214.206   0.100
 10  6   0.223   0.776 209.465 213.964   0.092
 10  7   0.185   0.813 209.458 213.716   0.088
 10  8   0.146   0.853 209.465 213.532   0.073
 10  9   0.107   0.893 209.416 213.391   0.083
 10 10   0.074   0.926 209.478 213.274   0.068
 10 11   0.055   0.945 209.402 213.163   0.076
 10 12   0.034   0.965 209.423 213.092   0.070
 10 13   0.013   0.987 209.538 213.050   0.075
 10 14   0.009   0.990 209.487 213.012   0.052
 10 15   0.000   1.000 209.432 212.996   0.019
 10 16   0.000   1.000 209.497 212.974   0.019
 10 17   0.004   0.996 209.453 212.978   0.047
 10 18   0.012   0.989 209.404 212.991   0.074
 10 19   0.024   0.978 209.267 213.002   0.072
 10 20   0.040   0.962 209.390 213.035   0.072
 10 21   0.060   0.942 209.335 213.103   0.085
 10 22   0.094   0.908 209.218 213.201   0.088
 10 23   0.128   0.874 209.140 213.325   0.084
 10 24   0.174   0.826 209.151 213.460   0.093
 10 25   0.223   0.776 209.076 213.610   0.074
 10 26   0.275   0.723 209.099 213.779   0.081
 10 27   0.327   0.672 208.995 213.920   0.104
 10 28   0.391   0.606 208.930 214.214   0.110
 10 29   0.472   0.522 209.113 214.635   0.109
 10 30   0.569   0.423 209.397 215.208   0.107
 
  11   4 220.582
   9  10  12  13
 11  1  -0.237   1.048   0.254  -0.073 210.279 216.121 233.955 245.133   0.158
 11  2  -0.285   1.059   0.291  -0.077 209.954 215.474 233.150 244.253   0.127
 11  3  -0.351   1.111   0.286  -0.062 209.692 214.941 232.466 243.518   0.146
 11  4  -0.386   1.117   0.311  -0.062 209.470 214.498 231.850 242.864   0.116
 11  5  -0.443   1.165   0.318  -0.061 209.454 214.206 231.414 242.359   0.108
 11  6  -0.483   1.188   0.339  -0.066 209.465 213.964 231.042 241.924   0.113
 11  7  -0.506   1.193   0.350  -0.063 209.458 213.716 230.664 241.514   0.108
 11  8  -0.538   1.212   0.358  -0.062 209.465 213.532 230.342 241.172   0.094
 11  9  -0.569   1.233   0.373  -0.067 209.416 213.391 230.093 240.861   0.110
 11 10  -0.578   1.225   0.385  -0.063 209.478 213.274 229.908 240.655   0.097
 11 11  -0.600   1.241   0.397  -0.072 209.402 213.163 229.698 240.441   0.111
 11 12  -0.610   1.243   0.396  -0.065 209.423 213.092 229.571 240.283   0.109
 11 13  -0.625   1.251   0.414  -0.075 209.538 213.050 229.501 240.193   0.121
 11 14  -0.622   1.243   0.416  -0.073 209.487 213.012 229.431 240.131   0.102
 11 15  -0.621   1.237   0.425  -0.076 209.432 212.996 229.383 240.066   0.088
 11 16  -0.614   1.225   0.430  -0.076 209.497 212.974 229.373 240.047   0.090
 11 17  -0.603   1.213   0.441  -0.085 209.453 212.978 229.401 240.074   0.101
 11 18  -0.609   1.226   0.444  -0.093 209.404 212.991 229.441 240.135   0.124
 11 19  -0.606   1.230   0.443  -0.098 209.267 213.002 229.486 240.182   0.117
 11 20  -0.583   1.210   0.437  -0.093 209.390 213.035 229.578 240.287   0.124
 11 21  -0.564   1.196   0.441  -0.099 209.335 213.103 229.715 240.454   0.136
 11 22  -0.560   1.210   0.424  -0.100 209.218 213.201 229.886 240.645   0.118
 11 23  -0.535   1.198   0.412  -0.098 209.140 213.325 230.111 240.887   0.120
 11 24  -0.514   1.197   0.396  -0.098 209.151 213.460 230.392 241.215   0.130
 11 25  -0.471   1.166   0.374  -0.089 209.076 213.610 230.657 241.528   0.108
 11 26  -0.434   1.147   0.352  -0.082 209.099 213.779 230.964 241.870   0.106
 11 27  -0.413   1.155   0.332  -0.085 208.995 213.920 231.231 242.161   0.133
 11 28  -0.371   1.135   0.314  -0.087 208.930 214.214 231.642 242.636   0.133
 11 29  -0.310   1.097   0.297  -0.091 209.113 214.635 232.231 243.285   0.130
 11 30  -0.227   1.027   0.295  -0.099 209.397 215.208 232.990 244.081   0.116
 
  12   3 229.378
  10  12  13
 12  1   0.142   1.032  -0.194 216.121 233.955 245.133   0.225
 12  2   0.117   1.030  -0.164 215.474 233.150 244.253   0.188
 12  3   0.099   1.014  -0.128 214.941 232.466 243.518   0.186
 12  4   0.082   1.005  -0.101 214.498 231.850 242.864   0.147
 12  5   0.069   1.004  -0.085 214.206 231.414 242.359   0.130
 12  6   0.057   1.009  -0.075 213.964 231.042 241.924   0.125
 12  7   0.048   1.000  -0.057 213.716 230.664 241.514   0.119
 12  8   0.038   0.996  -0.041 213.532 230.342 241.172   0.108
 12  9   0.028   1.004  -0.037 213.391 230.093 240.861   0.113
 12 10   0.021   0.986  -0.012 213.274 229.908 240.655   0.092
 12 11   0.016   0.994  -0.014 213.163 229.698 240.441   0.107
 12 12   0.012   0.978   0.005 213.092 229.571 240.283   0.085
 12 13   0.005   0.997  -0.003 213.050 229.501 240.193   0.082
 12 14   0.004   0.996  -0.001 213.012 229.431 240.131   0.074
 12 15   0.001   1.001  -0.002 212.996 229.383 240.066   0.038
 12 16  -0.001   1.000   0.001 212.974 229.373 240.047   0.038
 12 17   0.000   1.007  -0.006 212.978 229.401 240.074   0.076
 12 18   0.000   1.025  -0.022 212.991 229.441 240.135   0.125
 12 19   0.002   1.033  -0.032 213.002 229.486 240.182   0.093
 12 20   0.005   1.030  -0.033 213.035 229.578 240.287   0.109
 12 21   0.009   1.040  -0.046 213.103 229.715 240.454   0.110
 12 22   0.015   1.051  -0.066 213.201 229.886 240.645   0.085
 12 23   0.022   1.057  -0.078 213.325 230.111 240.887   0.102
 12 24   0.032   1.072  -0.104 213.460 230.392 241.215   0.130
 12 25   0.046   1.061  -0.110 213.610 230.657 241.528   0.122
 12 26   0.061   1.044  -0.113 213.779 230.964 241.870   0.136
 12 27   0.072   1.071  -0.150 213.920 231.231 242.161   0.171
 12 28   0.084   1.082  -0.175 214.214 231.642 242.636   0.179
 12 29   0.104   1.097  -0.212 214.635 232.231 243.285   0.211
 12 30   0.125   1.116  -0.254 215.208 232.990 244.081   0.193
 
  13   2 240.056
  12  13
 13  1   0.408   0.575 233.955 245.133   0.200
 13  2   0.348   0.637 233.150 244.253   0.215
 13  3   0.281   0.706 232.466 243.518   0.181
 13  4   0.240   0.749 231.850 242.864   0.162
 13  5   0.195   0.794 231.414 242.359   0.131
 13  6   0.170   0.821 231.042 241.924   0.143
 13  7   0.129   0.861 230.664 241.514   0.155
 13  8   0.104   0.889 230.342 241.172   0.127
 13  9   0.085   0.911 230.093 240.861   0.151
 13 10   0.047   0.949 229.908 240.655   0.150
 13 11   0.033   0.961 229.698 240.441   0.148
 13 12   0.005   0.989 229.571 240.283   0.147
 13 13  -0.003   1.000 229.501 240.193   0.124
 13 14   0.006   0.992 229.431 240.131   0.094
 13 15   0.001   0.999 229.383 240.066   0.056
 13 16   0.000   1.000 229.373 240.047   0.056
 13 17   0.004   0.997 229.401 240.074   0.105
 13 18   0.019   0.984 229.441 240.135   0.171
 13 19   0.030   0.973 229.486 240.182   0.135
 13 20   0.044   0.960 229.578 240.287   0.151
 13 21   0.058   0.945 229.715 240.454   0.147
 13 22   0.089   0.913 229.886 240.645   0.130
 13 23   0.122   0.883 230.111 240.887   0.139
 13 24   0.171   0.835 230.392 241.215   0.176
 13 25   0.209   0.797 230.657 241.528   0.174
 13 26   0.215   0.783 230.964 241.870   0.170
 13 27   0.286   0.716 231.231 242.161   0.185
 13 28   0.331   0.670 231.642 242.636   0.182
 13 29   0.409   0.594 232.231 243.285   0.169
 13 30   0.498   0.506 232.990 244.081   0.142
 
  14   3 224.915
  12  13  14
 14  1  -0.098   0.083   0.678 233.955 245.133 205.895   2.486
 14  2   0.060  -0.025   0.655 233.150 244.253 217.032   2.732
 14  3   0.184  -0.154   0.691 232.466 243.518 216.439   2.808
 14  4   0.129  -0.050   0.727 231.850 242.864 230.169   2.472
 14  5  -0.047   0.059   0.664 231.414 242.359 220.250   2.498
 14  6  -0.269   0.283   0.754 231.042 241.924 226.292   2.444
 14  7  -0.026  -0.016   0.801 230.664 241.514 217.712   2.181
 14  8  -0.107   0.203   0.695 230.342 241.172 223.043   2.413
 14  9  -0.183   0.208   0.768 230.093 240.861 225.891   2.360
 14 10  -0.175   0.157   0.774 229.908 240.655 218.964   2.028
 14 11  -0.292   0.270   0.790 229.698 240.441 224.101   2.268
 14 12  -0.240   0.237   0.745 229.571 240.283 217.235   2.246
 14 13  -0.348   0.314   0.905 229.501 240.193 216.612   2.206
 14 14  -0.284   0.305   0.736 229.431 240.131 224.845   2.066
 14 15   0.078  -0.010   0.869 229.383 240.066 231.895   1.133
 14 16  -0.181   0.142   0.949 229.373 240.047 217.935   1.249
 14 17  -0.271   0.237   0.825 229.401 240.074 217.397   2.236
 14 18  -0.240   0.204   0.884 229.441 240.135 220.028   2.225
 14 19  -0.090   0.028   0.773 229.486 240.182 225.802   2.140
 14 20  -0.525   0.473   0.875 229.578 240.287 216.538   2.347
 14 21  -0.315   0.260   0.791 229.715 240.454 216.861   2.462
 14 22  -0.153   0.183   0.760 229.886 240.645 222.682   2.287
 14 23  -0.106   0.105   0.760 230.111 240.887 228.150   2.493
 14 24  -0.058   0.120   0.764 230.392 241.215 222.952   2.677
 14 25  -0.021   0.057   0.748 230.657 241.528 225.840   2.564
 14 26  -0.025   0.066   0.754 230.964 241.870 219.105   2.399
 14 27   0.005   0.025   0.695 231.231 242.161 222.505   2.463
 14 28   0.093  -0.039   0.706 231.642 242.636 224.454   2.798
 14 29   0.235  -0.162   0.745 232.231 243.285 226.029   2.821
 14 30   0.005   0.059   0.640 232.990 244.081 218.531   2.996
 
  15   2 274.177
   2  15
 15  1  -0.247   1.222 262.830 271.910   1.093
 15  2  -0.081   1.070 264.908 272.903   0.784
 15  3   0.027   0.966 266.720 273.440   0.787
 15  4  -0.069   1.083 267.686 274.083   0.681
 15  5  -0.165   1.183 268.367 274.417   0.668
 15  6  -0.151   1.167 268.902 274.578   0.640
 15  7  -0.170   1.195 269.019 274.832   0.531
 15  8  -0.130   1.155 269.078 274.903   0.478
 15  9  -0.190   1.207 269.444 274.852   0.443
 15 10  -0.171   1.187 269.345 274.759   0.352
 15 11  -0.156   1.164 269.066 274.523   0.312
 15 12  -0.114   1.122 268.800 274.432   0.346
 15 13  -0.091   1.091 268.890 274.327   0.293
 15 14  -0.075   1.078 268.894 274.309   0.192
 15 15  -0.006   1.009 268.486 274.155   0.130
 15 16  -0.014   1.011 268.519 274.199   0.129
 15 17  -0.005   1.011 268.517 274.216   0.240
 15 18   0.014   0.991 268.577 274.191   0.285
 15 19  -0.018   1.027 269.005 274.268   0.273
 15 20  -0.026   1.036 268.743 274.320   0.237
 15 21  -0.066   1.084 268.686 274.354   0.281
 15 22  -0.055   1.075 268.877 274.307   0.292
 15 23  -0.071   1.089 268.811 274.387   0.382
 15 24  -0.027   1.051 268.483 274.246   0.399
 15 25   0.059   0.973 268.335 274.089   0.468
 15 26   0.050   0.980 268.253 273.713   0.400
 15 27   0.079   0.942 267.655 273.059   0.428
 15 28   0.153   0.856 266.773 272.296   0.556
 15 29   0.295   0.712 265.511 271.583   0.636
 15 30   0.276   0.705 263.884 270.658   1.002
