 
   1     .10 6442
   7   8   9  10  11  12  13  14
  177.349    -.106     .393    -.448     .558    -.371    -.769     .992    7.004
 
   2     .20 6442
   7   8   9  10  11  12  13  14
  184.502    -.107     .392    -.447     .584    -.400    -.796    1.035    7.250
 
   3     .50 6442
   7   8   9  10  11  12  13  14
  104.346     .094     .151    -.266     .550    -.415    -.699    1.202    5.377
 
   4    1.00 6442
   7   8   9  10  11  12  13  14
   26.187     .128    -.076    -.011     .282    -.490    -.404    1.493    4.354
 
   5    1.50 6442
   7   8   9  10  11  12  13  14
  -10.616     .056    -.230     .173     .244    -.623    -.045    1.475    3.791
 
   6    2.00 6442
   7   8   9  10  11  12  13  14
  -23.780     .016    -.234     .298    -.045    -.545     .441    1.162    3.410
 
   7    3.00 6442
   7   8   9  10  11  12  13  14
  -32.915     .029    -.087     .229    -.381    -.250    1.092     .492    3.208
 
   8    4.00 6442
   7   8   9  10  11  12  13  14
  -24.119     .029     .069     .159    -.770     .289    1.307     .006    2.963
 
   9    5.00 6442
   7   8   9  10  11  12  13  14
  -15.072    -.061     .273    -.061    -.802     .756    1.174    -.223    2.669
 
  10    7.00 6442
   7   8   9  10  11  12  13  14
   -5.455    -.138     .373    -.408    -.353    1.195     .683    -.332    2.304
 
  11   10.00 6442
   7   8   9  10  11  12  13  14
   -9.460    -.049     .250    -.684     .488    1.217     .031    -.208    2.028
 
  12   15.00 6442
   7   8   9  10  11  12  13  14
   -3.289     .037    -.133    -.452    1.310     .612    -.329    -.029    1.763
 
  13   20.00 6442
   7   8   9  10  11  12  13  14
   -1.522     .110    -.462     .111    1.397     .131    -.282     .004    1.632
 
  14   25.00 6442
   7   8   9  10  11  12  13  14
   -1.872     .154    -.635     .579    1.271    -.183    -.216     .039    1.576
 
  15   30.00 6442
   7   8   9  10  11  12  13  14
    1.931     .136    -.716    1.028     .971    -.346    -.147     .065    1.518
 
  16   50.00 6442
   7   8   9  10  11  12  13  14
   -7.266     .091    -.283    1.425     .131    -.385     .024     .029    1.568
 
  17   60.00 6442
   7   8   9  10  11  12  13  14
   -9.703    -.055     .223    1.245    -.160    -.268     .045     .014    1.728
 
  18   70.00 6442
   7   8   9  10  11  12  13  14
   -5.710    -.313     .877     .953    -.417    -.136     .077    -.012    1.888
 
  19   85.00 6442
   7   8   9  10  11  12  13  14
   12.871    -.744    2.033     .097    -.551     .048     .082    -.017    1.891
 
  20  100.00 6442
   7   8   9  10  11  12  13  14
   25.062    -.785    2.737    -.756    -.580     .254     .025    -.002    1.794
 
  21  115.00 6442
   8   7   8   9  10  11  12  13  14
   41.896    -.678     .548    1.971    -.914    -.363     .227     .016     .014    1.405
 
  22  135.00 6442
   8   7   8   9  10  11  12  13  14
   47.194   -1.210    1.823    1.191   -1.060    -.172     .186     .011     .030    1.672
 
  23  150.00 6442
   8   7   8   9  10  11  12  13  14
   45.837   -1.506    2.630     .668   -1.113    -.079     .149     .014     .042    2.139
 
  24  200.00 6442
   8   7   8   9  10  11  12  13  14
  -51.431   -1.549    4.735   -1.901    -.262     .356    -.088    -.029    -.025    2.333
 
  25  250.00 6442
   8   7   8   9  10  11  12  13  14
  -34.731     .193    2.540   -1.955     .167     .368    -.086    -.045    -.048    2.042
 
  26  300.00 6442
   8   7   8   9  10  11  12  13  14
  -21.002    2.105    -.309   -1.212     .465     .117    -.062    -.028    -.022    1.846
 
  27  350.00 6442
   9   6   7   8   9  10  11  12  13  14
  -15.217     .798    1.513   -1.047    -.569     .406     .004    -.043    -.026    -.008
    1.405
 
  28  400.00 6442
   9   6   7   8   9  10  11  12  13  14
  -12.004    1.378    1.139   -1.669    -.035     .333    -.085    -.024    -.022     .006
    1.558
 
  29  430.00 6442
   9   6   7   8   9  10  11  12  13  14
   -6.849    1.616     .848   -1.757     .156     .265    -.092    -.020    -.017     .009
    1.430
 
  30  475.00 6442
   9   6   7   8   9  10  11  12  13  14
    2.562    1.922     .452   -1.862     .425     .149    -.101    -.001    -.018     .015
    1.499
 
  31  500.00 6442
   9   6   7   8   9  10  11  12  13  14
    7.268    2.069     .262   -1.912     .559     .090    -.113     .014    -.018     .017
    1.638
 
  32  570.00 6442
   9   6   7   8   9  10  11  12  13  14
    9.045    2.443    -.317   -1.789     .770    -.047    -.141     .050     .007     .004
    1.459
 
  33  620.00 6442
   9   6   7   8   9  10  11  12  13  14
    6.573    2.705    -.710   -1.689     .906    -.145    -.153     .074     .019    -.005
    1.565
 
  34  670.00 6442
   9   6   7   8   9  10  11  12  13  14
    1.182    2.971   -1.101   -1.578    1.033    -.238    -.157     .092     .027    -.012
    1.827
 
  35  700.00 6442
   9   6   7   8   9  10  11  12  13  14
   -2.746    3.125   -1.333   -1.503    1.096    -.286    -.159     .107     .030    -.017
    2.027
 
  36  780.00 6442
   9   6   7   8   9  10  11  12  13  14
  -45.651    3.734   -2.119   -1.283    1.391    -.441    -.166     .106     .053    -.018
    2.368
 
  37  850.00 6442
   9   6   7   8   9  10  11  12  13  14
  -86.079    4.297   -2.860   -1.043    1.634    -.590    -.176     .093     .078     .001
    3.190
 
  38  920.00 6442
   9   6   7   8   9  10  11  12  13  14
 -124.295    4.643   -3.431    -.506    1.447    -.651    -.148     .115     .075     .053
    3.612
 
  39  950.00 6442
   9   6   7   8   9  10  11  12  13  14
 -141.608    4.781   -3.659    -.284    1.374    -.676    -.138     .128     .073     .075
    4.151
 
  40 1000.00 6442
   9   6   7   8   9  10  11  12  13  14
 -169.325    5.007   -4.036     .076    1.259    -.718    -.123     .148     .068     .112
    5.283
