
   1   2 172.821
   1   2
  1  1   0.421   0.699 198.670 180.231   1.274
  1  2   0.531   0.595 195.671 178.934   0.899
  1  3   0.625   0.497 193.336 177.900   0.762
  1  4   0.700   0.422 191.224 176.795   0.695
  1  5   0.754   0.380 189.057 175.409   0.580
  1  6   0.812   0.301 186.869 173.797   0.564
  1  7   0.852   0.257 184.659 171.990   0.554
  1  8   0.886   0.206 182.478 170.072   0.474
  1  9   0.916   0.161 180.357 168.127   0.427
  1 10   0.941   0.113 178.420 166.311   0.411
  1 11   0.956   0.094 176.719 164.643   0.321
  1 12   0.973   0.057 175.177 163.174   0.227
  1 13   0.991   0.012 174.009 161.995   0.224
  1 14   0.994   0.010 173.215 161.177   0.185
  1 15   1.001  -0.004 172.819 160.789   0.098
  1 16   1.000   0.000 172.824 160.767   0.098
  1 17   1.010  -0.036 173.233 161.201   0.192
  1 18   1.006  -0.029 174.071 162.027   0.233
  1 19   1.004  -0.041 175.311 163.224   0.335
  1 20   0.998  -0.041 176.821 164.741   0.358
  1 21   0.989  -0.041 178.608 166.498   0.381
  1 22   0.972  -0.013 180.579 168.344   0.411
  1 23   0.953   0.004 182.596 170.241   0.437
  1 24   0.915   0.063 184.777 172.209   0.482
  1 25   0.865   0.140 187.044 174.032   0.506
  1 26   0.813   0.206 189.368 175.765   0.676
  1 27   0.735   0.317 191.710 177.275   0.732
  1 28   0.649   0.424 194.069 178.477   0.853
  1 29   0.552   0.528 196.722 179.767   1.022
  1 30   0.460   0.599 199.959 181.298   1.424

   2   2 160.778
   1   2
  2  1  -0.248   1.087 198.670 180.231   0.842
  2  2  -0.209   1.100 195.671 178.934   0.643
  2  3  -0.176   1.109 193.336 177.900   0.580
  2  4  -0.151   1.123 191.224 176.795   0.532
  2  5  -0.136   1.150 189.057 175.409   0.434
  2  6  -0.108   1.128 186.869 173.797   0.412
  2  7  -0.091   1.127 184.659 171.990   0.411
  2  8  -0.073   1.108 182.478 170.072   0.360
  2  9  -0.058   1.098 180.357 168.127   0.332
  2 10  -0.041   1.067 178.420 166.311   0.328
  2 11  -0.033   1.062 176.719 164.643   0.269
  2 12  -0.020   1.036 175.177 163.174   0.172
  2 13  -0.006   1.002 174.009 161.995   0.207
  2 14  -0.005   1.008 173.215 161.177   0.163
  2 15   0.001   0.996 172.819 160.789   0.092
  2 16   0.000   0.999 172.824 160.767   0.092
  2 17   0.013   0.955 173.233 161.201   0.178
  2 18   0.008   0.967 174.071 162.027   0.209
  2 19   0.008   0.950 175.311 163.224   0.276
  2 20   0.006   0.937 176.821 164.741   0.314
  2 21   0.003   0.922 178.608 166.498   0.339
  2 22  -0.006   0.933 180.579 168.344   0.381
  2 23  -0.014   0.927 182.596 170.241   0.395
  2 24  -0.039   0.960 184.777 172.209   0.418
  2 25  -0.065   0.988 187.044 174.032   0.441
  2 26  -0.084   0.989 189.368 175.765   0.576
  2 27  -0.120   1.020 191.710 177.275   0.575
  2 28  -0.157   1.038 194.069 178.477   0.597
  2 29  -0.192   1.034 196.722 179.767   0.680
  2 30  -0.214   0.988 199.959 181.298   0.911

   3   3 225.183
   3   4   5
  3  1   1.343  -0.674  -0.058 247.014 253.849 241.212   0.551
  3  2   1.264  -0.540  -0.026 244.730 255.194 243.503   0.490
  3  3   1.213  -0.411  -0.043 242.646 256.119 245.498   0.478
  3  4   1.175  -0.282  -0.092 240.709 256.731 247.111   0.448
  3  5   1.154  -0.216  -0.098 238.832 257.219 248.554   0.392
  3  6   1.112  -0.115  -0.132 237.146 257.498 249.721   0.365
  3  7   1.091  -0.073  -0.123 235.234 257.526 250.631   0.350
  3  8   1.059  -0.010  -0.137 233.348 257.364 251.334   0.313
  3  9   1.035   0.044  -0.149 231.449 257.133 251.910   0.283
  3 10   1.018   0.047  -0.118 229.778 256.885 252.390   0.274
  3 11   1.005   0.071  -0.116 228.405 256.629 252.763   0.231
  3 12   0.999   0.022  -0.043 227.028 256.365 253.046   0.163
  3 13   0.982   0.045  -0.046 226.024 256.150 253.251   0.146
  3 14   1.002  -0.040   0.039 225.430 255.997 253.385   0.103
  3 15   0.993   0.020  -0.016 225.202 255.925 253.458   0.060
  3 16   1.006  -0.019   0.015 225.164 255.925 253.444   0.061
  3 17   0.976   0.066  -0.053 225.424 255.984 253.365   0.121
  3 18   0.990   0.052  -0.055 226.112 256.143 253.215   0.144
  3 19   0.991   0.043  -0.058 227.017 256.346 253.000   0.200
  3 20   0.984   0.074  -0.099 228.054 256.592 252.708   0.220
  3 21   1.006  -0.041  -0.005 229.464 256.860 252.326   0.240
  3 22   1.031  -0.084   0.006 231.080 257.130 251.832   0.269
  3 23   1.044  -0.121   0.012 232.656 257.356 251.243   0.284
  3 24   1.067  -0.150  -0.009 234.431 257.506 250.500   0.292
  3 25   1.085  -0.193  -0.015 235.934 257.463 249.546   0.321
  3 26   1.091  -0.142  -0.126 237.403 257.099 248.267   0.383
  3 27   1.113  -0.193  -0.140 238.993 256.500 246.720   0.407
  3 28   1.146  -0.335  -0.066 240.764 255.766 245.026   0.449
  3 29   1.176  -0.424  -0.070 242.536 254.708 242.960   0.488
  3 30   1.223  -0.501  -0.128 244.818 253.193 240.425   0.569

   4   3 255.925
   3   4   5
  4  1   0.201   1.305  -0.667 247.014 253.849 241.212   0.327
  4  2   0.150   1.302  -0.579 244.730 255.194 243.503   0.278
  4  3   0.117   1.279  -0.496 242.646 256.119 245.498   0.249
  4  4   0.087   1.283  -0.455 240.709 256.731 247.111   0.219
  4  5   0.065   1.275  -0.413 238.832 257.219 248.554   0.194
  4  6   0.046   1.259  -0.366 237.146 257.498 249.721   0.168
  4  7   0.033   1.213  -0.292 235.234 257.526 250.631   0.155
  4  8   0.023   1.171  -0.229 233.348 257.364 251.334   0.122
  4  9   0.011   1.157  -0.197 231.449 257.133 251.910   0.104
  4 10   0.003   1.138  -0.164 229.778 256.885 252.390   0.093
  4 11  -0.001   1.107  -0.122 228.405 256.629 252.763   0.071
  4 12  -0.002   1.066  -0.073 227.028 256.365 253.046   0.051
  4 13  -0.006   1.050  -0.051 226.024 256.150 253.251   0.046
  4 14  -0.001   1.012  -0.011 225.430 255.997 253.385   0.035
  4 15  -0.002   1.009  -0.008 225.202 255.925 253.458   0.018
  4 16   0.002   0.991   0.007 225.164 255.925 253.444   0.018
  4 17  -0.002   1.008  -0.008 225.424 255.984 253.365   0.032
  4 18  -0.002   1.035  -0.037 226.112 256.143 253.215   0.054
  4 19  -0.001   1.051  -0.058 227.017 256.346 253.000   0.072
  4 20  -0.001   1.094  -0.107 228.054 256.592 252.708   0.077
  4 21   0.008   1.096  -0.120 229.464 256.860 252.326   0.090
  4 22   0.015   1.131  -0.168 231.080 257.130 251.832   0.108
  4 23   0.024   1.163  -0.217 232.656 257.356 251.243   0.124
  4 24   0.032   1.211  -0.287 234.431 257.506 250.500   0.143
  4 25   0.046   1.243  -0.346 235.934 257.463 249.546   0.170
  4 26   0.056   1.305  -0.440 237.403 257.099 248.267   0.198
  4 27   0.078   1.326  -0.497 238.993 256.500 246.720   0.227
  4 28   0.108   1.334  -0.551 240.764 255.766 245.026   0.266
  4 29   0.144   1.329  -0.604 242.536 254.708 242.960   0.302
  4 30   0.182   1.346  -0.693 244.818 253.193 240.425   0.353

   5   3 253.451
   4   5   6
  5  1   1.008  -0.114   0.005 253.849 241.212 225.443   0.135
  5  2   0.824   0.114  -0.008 255.194 243.503 227.508   0.107
  5  3   0.642   0.339  -0.026 256.119 245.498 229.348   0.099
  5  4   0.498   0.514  -0.044 256.731 247.111 230.876   0.091
  5  5   0.381   0.654  -0.060 257.219 248.554 232.238   0.091
  5  6   0.288   0.756  -0.063 257.498 249.721 233.466   0.080
  5  7   0.209   0.837  -0.058 257.526 250.631 234.552   0.079
  5  8   0.145   0.898  -0.051 257.364 251.334 235.443   0.057
  5  9   0.102   0.938  -0.046 257.133 251.910 236.201   0.050
  5 10   0.079   0.951  -0.035 256.885 252.390 236.832   0.048
  5 11   0.055   0.965  -0.023 256.629 252.763 237.345   0.036
  5 12   0.035   0.977  -0.013 256.365 253.046 237.767   0.028
  5 13   0.024   0.981  -0.006 256.150 253.251 238.073   0.030
  5 14   0.011   0.989   0.000 255.997 253.385 238.290   0.021
  5 15   0.002   0.998   0.000 255.925 253.458 238.379   0.009
  5 16  -0.002   1.002   0.000 255.925 253.444 238.380   0.009
  5 17   0.009   0.988   0.004 255.984 253.365 238.281   0.021
  5 18   0.013   0.993  -0.008 256.143 253.215 238.084   0.035
  5 19   0.029   0.983  -0.013 256.346 253.000 237.786   0.043
  5 20   0.051   0.971  -0.025 256.592 252.708 237.368   0.051
  5 21   0.074   0.958  -0.036 256.860 252.326 236.845   0.056
  5 22   0.114   0.923  -0.043 257.130 251.832 236.225   0.064
  5 23   0.159   0.884  -0.054 257.356 251.243 235.482   0.072
  5 24   0.221   0.825  -0.059 257.506 250.500 234.618   0.079
  5 25   0.294   0.749  -0.061 257.463 249.546 233.552   0.088
  5 26   0.376   0.665  -0.069 257.099 248.267 232.250   0.099
  5 27   0.494   0.529  -0.057 256.500 246.720 230.610   0.109
  5 28   0.651   0.338  -0.039 255.766 245.026 229.087   0.120
  5 29   0.804   0.152  -0.026 254.708 242.960 227.248   0.132
  5 30   1.005  -0.104  -0.003 253.193 240.425 225.069   0.154

   6   3 239.390
   5   6   7
  6  1   0.816   0.147   0.026 242.359 226.046 217.187   0.134
  6  2   0.552   0.567  -0.123 244.753 228.179 218.615   0.121
  6  3   0.362   0.834  -0.196 246.869 230.076 219.919   0.106
  6  4   0.251   0.958  -0.206 248.592 231.654 221.059   0.092
  6  5   0.176   1.024  -0.195 250.158 233.059 222.139   0.085
  6  6   0.115   1.072  -0.182 251.444 234.323 223.114   0.066
  6  7   0.082   1.074  -0.150 252.465 235.438 223.982   0.061
  6  8   0.059   1.065  -0.118 253.280 236.358 224.679   0.064
  6  9   0.038   1.061  -0.093 253.950 237.141 225.312   0.057
  6 10   0.026   1.046  -0.069 254.504 237.789 225.853   0.040
  6 11   0.020   1.025  -0.044 254.945 238.317 226.267   0.035
  6 12   0.012   1.016  -0.026 255.291 238.753 226.637   0.038
  6 13   0.006   1.008  -0.015 255.535 239.069 226.904   0.029
  6 14   0.002   1.003  -0.004 255.702 239.295 227.076   0.025
  6 15   0.001   1.000   0.000 255.796 239.390 227.161   0.013
  6 16  -0.001   1.000   0.000 255.781 239.391 227.161   0.013
  6 17  -0.004   1.012  -0.008 255.696 239.294 227.065   0.024
  6 18  -0.001   1.019  -0.016 255.517 239.092 226.886   0.036
  6 19   0.000   1.034  -0.034 255.260 238.784 226.605   0.042
  6 20   0.008   1.043  -0.049 254.912 238.354 226.264   0.047
  6 21   0.016   1.057  -0.070 254.461 237.815 225.815   0.059
  6 22   0.027   1.071  -0.096 253.883 237.176 225.279   0.070
  6 23   0.038   1.094  -0.127 253.201 236.414 224.649   0.083
  6 24   0.056   1.111  -0.159 252.351 235.524 223.916   0.094
  6 25   0.088   1.108  -0.190 251.282 234.426 223.054   0.103
  6 26   0.129   1.095  -0.221 249.893 233.093 221.997   0.120
  6 27   0.216   1.014  -0.223 248.222 231.408 220.718   0.132
  6 28   0.325   0.890  -0.212 246.412 229.843 219.518   0.136
  6 29   0.501   0.648  -0.153 244.230 227.946 218.148   0.143
  6 30   0.751   0.270  -0.033 241.584 225.694 216.603   0.142

   7   3 227.161
   6   7   8
  7  1   1.130  -0.283   0.161 226.046 217.187 212.367   0.097
  7  2   0.917  -0.018   0.104 228.179 218.615 213.015   0.081
  7  3   0.749   0.179   0.073 230.076 219.919 213.736   0.060
  7  4   0.621   0.320   0.059 231.654 221.059 214.437   0.052
  7  5   0.551   0.358   0.091 233.059 222.139 215.262   0.048
  7  6   0.396   0.584   0.022 234.323 223.114 215.941   0.031
  7  7   0.304   0.691   0.007 235.438 223.982 216.500   0.029
  7  8   0.291   0.653   0.058 236.358 224.679 216.996   0.036
  7  9   0.196   0.783   0.024 237.141 225.312 217.406   0.036
  7 10   0.084   0.951  -0.034 237.789 225.853 217.776   0.025
  7 11   0.089   0.906   0.007 238.317 226.267 218.090   0.026
  7 12   0.057   0.938   0.007 238.753 226.637 218.343   0.028
  7 13  -0.012   1.046  -0.032 239.069 226.904 218.528   0.023
  7 14   0.003   1.003  -0.005 239.295 227.076 218.668   0.021
  7 15   0.019   0.965   0.016 239.390 227.161 218.736   0.015
  7 16  -0.018   1.034  -0.016 239.391 227.161 218.726   0.015
  7 17   0.021   0.966   0.012 239.294 227.065 218.657   0.018
  7 18   0.056   0.913   0.031 239.092 226.886 218.528   0.026
  7 19   0.051   0.941   0.006 238.784 226.605 218.331   0.029
  7 20   0.095   0.887   0.018 238.354 226.264 218.074   0.030
  7 21   0.128   0.857   0.013 237.815 225.815 217.758   0.037
  7 22   0.174   0.811   0.013 237.176 225.279 217.372   0.046
  7 23   0.225   0.765   0.010 236.414 224.649 216.932   0.053
  7 24   0.255   0.770  -0.023 235.524 223.916 216.427   0.058
  7 25   0.336   0.681  -0.015 234.426 223.054 215.824   0.065
  7 26   0.411   0.612  -0.023 233.093 221.997 215.026   0.080
  7 27   0.568   0.411   0.026 231.408 220.718 214.096   0.084
  7 28   0.693   0.264   0.047 229.843 219.518 213.286   0.094
  7 29   0.869   0.036   0.097 227.946 218.148 212.451   0.108
  7 30   1.053  -0.174   0.123 225.694 216.603 211.626   0.110

   8   3 218.731
   7   8   9
  8  1   1.042   0.003  -0.045 217.187 212.367 212.019   0.085
  8  2   0.814   0.251  -0.063 218.615 213.015 211.659   0.066
  8  3   0.636   0.424  -0.059 219.919 213.736 211.381   0.062
  8  4   0.502   0.562  -0.060 221.059 214.437 211.165   0.053
  8  5   0.392   0.671  -0.058 222.139 215.262 211.066   0.063
  8  6   0.316   0.727  -0.038 223.114 215.941 211.031   0.045
  8  7   0.243   0.794  -0.032 223.982 216.500 211.036   0.039
  8  8   0.185   0.849  -0.028 224.679 216.996 211.003   0.047
  8  9   0.144   0.870  -0.010 225.312 217.406 211.003   0.040
  8 10   0.108   0.890   0.002 225.853 217.776 211.010   0.033
  8 11   0.065   0.946  -0.007 226.267 218.090 210.988   0.036
  8 12   0.041   0.965  -0.002 226.637 218.343 211.006   0.033
  8 13   0.028   0.964   0.008 226.904 218.528 211.003   0.027
  8 14   0.015   0.979   0.007 227.076 218.668 211.020   0.020
  8 15  -0.006   1.011  -0.005 227.161 218.736 211.004   0.022
  8 16   0.009   0.982   0.008 227.161 218.726 210.982   0.022
  8 17   0.008   0.991   0.000 227.065 218.657 210.964   0.023
  8 18   0.031   0.964   0.006 226.886 218.528 210.926   0.029
  8 19   0.044   0.955   0.000 226.605 218.331 210.895   0.027
  8 20   0.061   0.954  -0.012 226.264 218.074 210.876   0.031
  8 21   0.085   0.937  -0.021 225.815 217.758 210.842   0.034
  8 22   0.132   0.887  -0.019 225.279 217.372 210.812   0.038
  8 23   0.179   0.852  -0.028 224.649 216.932 210.770   0.038
  8 24   0.236   0.808  -0.039 223.916 216.427 210.776   0.043
  8 25   0.301   0.757  -0.050 223.054 215.824 210.767   0.046
  8 26   0.378   0.683  -0.057 221.997 215.026 210.716   0.049
  8 27   0.491   0.584  -0.065 220.718 214.096 210.649   0.063
  8 28   0.608   0.490  -0.086 219.518 213.286 210.702   0.071
  8 29   0.769   0.339  -0.096 218.148 212.451 210.848   0.087
  8 30   0.983   0.106  -0.084 216.603 211.626 211.146   0.095

   9   3 210.993
   8   9  10
  9  1   0.479   0.835  -0.273 212.367 212.019 217.529   0.113
  9  2   0.383   0.914  -0.257 213.015 211.659 216.952   0.106
  9  3   0.277   0.985  -0.233 213.736 211.381 216.431   0.114
  9  4   0.221   1.006  -0.201 214.437 211.165 216.003   0.095
  9  5   0.184   1.014  -0.173 215.262 211.066 215.686   0.089
  9  6   0.146   1.020  -0.144 215.941 211.031 215.490   0.079
  9  7   0.099   1.027  -0.112 216.500 211.036 215.306   0.065
  9  8   0.088   1.018  -0.090 216.996 211.003 215.133   0.064
  9  9   0.064   1.016  -0.068 217.406 211.003 214.989   0.055
  9 10   0.028   1.015  -0.040 217.776 211.010 214.875   0.050
  9 11   0.028   1.008  -0.030 218.090 210.988 214.781   0.044
  9 12   0.015   1.003  -0.014 218.343 211.006 214.696   0.048
  9 13   0.005   1.000  -0.004 218.528 211.003 214.644   0.041
  9 14   0.010   0.998  -0.003 218.668 211.020 214.600   0.026
  9 15   0.012   1.001  -0.009 218.736 211.004 214.573   0.026
  9 16  -0.012   0.999   0.009 218.726 210.982 214.555   0.026
  9 17   0.004   1.000  -0.003 218.657 210.964 214.550   0.033
  9 18   0.018   0.998  -0.010 218.528 210.926 214.558   0.040
  9 19   0.016   1.005  -0.017 218.331 210.895 214.576   0.042
  9 20   0.023   1.006  -0.024 218.074 210.876 214.622   0.051
  9 21   0.038   1.013  -0.045 217.758 210.842 214.680   0.055
  9 22   0.051   1.018  -0.063 217.372 210.812 214.768   0.056
  9 23   0.090   1.018  -0.093 216.932 210.770 214.860   0.060
  9 24   0.108   1.023  -0.115 216.427 210.776 215.001   0.075
  9 25   0.158   1.014  -0.145 215.824 210.767 215.156   0.074
  9 26   0.186   1.013  -0.173 215.026 210.716 215.287   0.077
  9 27   0.245   0.990  -0.200 214.096 210.649 215.429   0.091
  9 28   0.350   0.930  -0.232 213.286 210.702 215.679   0.086
  9 29   0.435   0.866  -0.250 212.451 210.848 216.066   0.097
  9 30   0.567   0.739  -0.248 211.626 211.146 216.619   0.107

  10   3 214.564
   9  10  11
 10  1   0.541   0.518  -0.065 212.019 217.529 225.013   0.072
 10  2   0.437   0.622  -0.062 211.659 216.952 224.332   0.067
 10  3   0.332   0.746  -0.080 211.381 216.431 223.723   0.077
 10  4   0.273   0.791  -0.064 211.165 216.003 223.201   0.064
 10  5   0.203   0.868  -0.072 211.066 215.686 222.809   0.062
 10  6   0.167   0.888  -0.055 211.031 215.490 222.533   0.063
 10  7   0.139   0.898  -0.036 211.036 215.306 222.277   0.051
 10  8   0.090   0.955  -0.043 211.003 215.133 222.040   0.048
 10  9   0.073   0.955  -0.027 211.003 214.989 221.835   0.048
 10 10   0.068   0.938  -0.005 211.010 214.875 221.669   0.042
 10 11   0.026   0.995  -0.019 210.988 214.781 221.523   0.036
 10 12   0.009   1.009  -0.016 211.006 214.696 221.407   0.047
 10 13   0.008   0.998  -0.004 211.003 214.644 221.323   0.041
 10 14  -0.007   1.016  -0.008 211.020 214.600 221.261   0.029
 10 15   0.005   0.992   0.003 211.004 214.573 221.223   0.027
 10 16  -0.002   1.003  -0.001 210.982 214.555 221.208   0.027
 10 17  -0.003   1.007  -0.005 210.964 214.550 221.211   0.030
 10 18   0.000   1.009  -0.008 210.926 214.558 221.238   0.039
 10 19   0.014   0.997  -0.010 210.895 214.576 221.283   0.043
 10 20   0.010   1.019  -0.027 210.876 214.622 221.373   0.047
 10 21   0.036   0.993  -0.028 210.842 214.680 221.482   0.046
 10 22   0.060   0.972  -0.031 210.812 214.768 221.620   0.046
 10 23   0.096   0.935  -0.031 210.770 214.860 221.770   0.045
 10 24   0.151   0.869  -0.021 210.776 215.001 221.976   0.048
 10 25   0.178   0.860  -0.038 210.767 215.156 222.200   0.049
 10 26   0.237   0.793  -0.031 210.716 215.287 222.416   0.049
 10 27   0.271   0.788  -0.060 210.649 215.429 222.640   0.058
 10 28   0.350   0.700  -0.052 210.702 215.679 222.953   0.066
 10 29   0.436   0.608  -0.048 210.848 216.066 223.426   0.076
 10 30   0.552   0.473  -0.032 211.146 216.619 224.080   0.087

  11   3 221.216
  10  11  12
 11  1   0.527   0.508  -0.034 217.529 225.013 234.467   0.053
 11  2   0.417   0.631  -0.046 216.952 224.332 233.666   0.057
 11  3   0.322   0.758  -0.077 216.431 223.723 232.951   0.070
 11  4   0.260   0.800  -0.058 216.003 223.201 232.350   0.060
 11  5   0.203   0.862  -0.063 215.686 222.809 231.894   0.060
 11  6   0.159   0.899  -0.057 215.490 222.533 231.563   0.058
 11  7   0.131   0.894  -0.026 215.306 222.277 231.258   0.047
 11  8   0.096   0.935  -0.030 215.133 222.040 230.965   0.037
 11  9   0.071   0.954  -0.024 214.989 221.835 230.726   0.046
 11 10   0.059   0.940   0.001 214.875 221.669 230.518   0.040
 11 11   0.035   0.973  -0.007 214.781 221.523 230.345   0.030
 11 12   0.021   0.986  -0.006 214.696 221.407 230.212   0.039
 11 13   0.011   0.991  -0.001 214.644 221.323 230.109   0.038
 11 14  -0.002   1.013  -0.010 214.600 221.261 230.041   0.029
 11 15   0.001   0.997   0.002 214.573 221.223 229.992   0.022
 11 16  -0.001   1.002  -0.001 214.555 221.208 229.976   0.022
 11 17  -0.001   1.007  -0.006 214.550 221.211 229.990   0.036
 11 18   0.007   0.997  -0.004 214.558 221.238 230.020   0.048
 11 19   0.017   0.992  -0.008 214.576 221.283 230.084   0.048
 11 20   0.021   1.010  -0.029 214.622 221.373 230.191   0.041
 11 21   0.037   0.999  -0.034 214.680 221.482 230.334   0.043
 11 22   0.053   1.000  -0.050 214.768 221.620 230.504   0.048
 11 23   0.081   0.975  -0.054 214.860 221.770 230.706   0.043
 11 24   0.125   0.910  -0.037 215.001 221.976 230.961   0.051
 11 25   0.155   0.900  -0.055 215.156 222.200 231.232   0.051
 11 26   0.201   0.856  -0.057 215.287 222.416 231.519   0.052
 11 27   0.250   0.833  -0.080 215.429 222.640 231.797   0.058
 11 28   0.315   0.765  -0.079 215.679 222.953 232.192   0.055
 11 29   0.397   0.681  -0.076 216.066 223.426 232.763   0.076
 11 30   0.508   0.548  -0.056 216.619 224.080 233.541   0.073

  12   3 229.984
  11  12  13
 12  1   0.483   0.554  -0.032 225.013 234.467 245.288   0.096
 12  2   0.376   0.666  -0.040 224.332 233.666 244.412   0.095
 12  3   0.301   0.765  -0.063 223.723 232.951 243.631   0.087
 12  4   0.230   0.813  -0.043 223.201 232.350 242.967   0.079
 12  5   0.184   0.862  -0.044 222.809 231.894 242.458   0.077
 12  6   0.144   0.893  -0.037 222.533 231.563 242.082   0.071
 12  7   0.106   0.913  -0.019 222.277 231.258 241.734   0.051
 12  8   0.080   0.928  -0.008 222.040 230.965 241.395   0.047
 12  9   0.061   0.952  -0.013 221.835 230.726 241.119   0.051
 12 10   0.042   0.963  -0.004 221.669 230.518 240.880   0.043
 12 11   0.028   0.967   0.005 221.523 230.345 240.685   0.042
 12 12   0.017   0.978   0.005 221.407 230.212 240.530   0.034
 12 13   0.009   0.985   0.006 221.323 230.109 240.411   0.030
 12 14   0.003   0.996   0.001 221.261 230.041 240.328   0.025
 12 15   0.001   0.992   0.007 221.223 229.992 240.281   0.019
 12 16   0.000   1.007  -0.006 221.208 229.976 240.263   0.020
 12 17   0.001   0.998   0.000 221.211 229.990 240.281   0.039
 12 18   0.005   0.987   0.007 221.238 230.020 240.325   0.050
 12 19   0.017   0.984  -0.002 221.283 230.084 240.403   0.054
 12 20   0.027   0.992  -0.019 221.373 230.191 240.528   0.049
 12 21   0.041   0.993  -0.033 221.482 230.334 240.705   0.059
 12 22   0.061   1.002  -0.060 221.620 230.504 240.906   0.073
 12 23   0.086   0.978  -0.062 221.770 230.706 241.149   0.070
 12 24   0.112   0.927  -0.041 221.976 230.961 241.450   0.083
 12 25   0.142   0.910  -0.055 222.200 231.232 241.771   0.093
 12 26   0.187   0.885  -0.073 222.416 231.519 242.112   0.097
 12 27   0.242   0.839  -0.081 222.640 231.797 242.450   0.114
 12 28   0.304   0.781  -0.084 222.953 232.192 242.913   0.117
 12 29   0.383   0.705  -0.085 223.426 232.763 243.558   0.138
 12 30   0.485   0.587  -0.071 224.080 233.541 244.419   0.130

  13   2 240.272
  12  13
 13  1   0.519   0.494 234.467 245.288   0.160
 13  2   0.417   0.594 233.666 244.412   0.151
 13  3   0.354   0.657 232.951 243.631   0.110
 13  4   0.271   0.738 232.350 242.967   0.100
 13  5   0.231   0.777 231.894 242.458   0.098
 13  6   0.172   0.835 231.563 242.082   0.079
 13  7   0.136   0.870 231.258 241.734   0.062
 13  8   0.088   0.917 230.965 241.395   0.066
 13  9   0.074   0.930 230.726 241.119   0.061
 13 10   0.062   0.943 230.518 240.880   0.058
 13 11   0.015   0.986 230.345 240.685   0.057
 13 12   0.005   0.996 230.212 240.530   0.055
 13 13  -0.001   1.002 230.109 240.411   0.048
 13 14  -0.019   1.018 230.041 240.328   0.036
 13 15  -0.008   1.007 229.992 240.281   0.021
 13 16   0.008   0.993 229.976 240.263   0.021
 13 17  -0.008   1.007 229.990 240.281   0.048
 13 18  -0.008   1.007 230.020 240.325   0.058
 13 19   0.014   0.985 230.084 240.403   0.062
 13 20   0.035   0.965 230.191 240.528   0.068
 13 21   0.069   0.933 230.334 240.705   0.075
 13 22   0.130   0.875 230.504 240.906   0.098
 13 23   0.152   0.851 230.706 241.149   0.086
 13 24   0.159   0.841 230.961 241.450   0.111
 13 25   0.203   0.799 231.232 241.771   0.121
 13 26   0.278   0.725 231.519 242.112   0.141
 13 27   0.332   0.672 231.797 242.450   0.166
 13 28   0.400   0.606 232.192 242.913   0.174
 13 29   0.472   0.533 232.763 243.558   0.195
 13 30   0.571   0.433 233.541 244.419   0.188

  14   3 250.579
  12  13  14
 14  1  -0.046   0.624   0.427 234.467 245.288 254.151   0.152
 14  2  -0.094   0.598   0.497 233.666 244.412 253.637   0.148
 14  3  -0.106   0.539   0.565 232.951 243.631 253.141   0.112
 14  4  -0.127   0.504   0.619 232.350 242.967 252.670   0.103
 14  5  -0.092   0.401   0.689 231.894 242.458 252.317   0.105
 14  6  -0.122   0.383   0.735 231.563 242.082 252.046   0.090
 14  7  -0.062   0.256   0.807 231.258 241.734 251.781   0.081
 14  8  -0.079   0.243   0.835 230.965 241.395 251.528   0.084
 14  9  -0.027   0.131   0.898 230.726 241.119 251.297   0.074
 14 10   0.022   0.042   0.942 230.518 240.880 251.101   0.071
 14 11  -0.057   0.118   0.936 230.345 240.685 250.930   0.070
 14 12  -0.027   0.058   0.969 230.212 240.530 250.797   0.081
 14 13  -0.020   0.037   0.984 230.109 240.411 250.698   0.068
 14 14  -0.049   0.070   0.975 230.041 240.328 250.631   0.058
 14 15  -0.005   0.007   0.998 229.992 240.281 250.590   0.023
 14 16   0.003  -0.004   1.001 229.976 240.263 250.568   0.023
 14 17  -0.029   0.042   0.984 229.990 240.281 250.586   0.048
 14 18  -0.053   0.085   0.962 230.020 240.325 250.618   0.065
 14 19  -0.050   0.089   0.956 230.084 240.403 250.682   0.058
 14 20  -0.059   0.113   0.940 230.191 240.528 250.790   0.067
 14 21  -0.049   0.137   0.907 230.334 240.705 250.935   0.070
 14 22  -0.002   0.107   0.893 230.504 240.906 251.113   0.098
 14 23  -0.011   0.153   0.856 230.706 241.149 251.305   0.087
 14 24  -0.058   0.248   0.802 230.961 241.450 251.541   0.105
 14 25  -0.118   0.385   0.720 231.232 241.771 251.802   0.113
 14 26  -0.045   0.344   0.693 231.519 242.112 252.036   0.131
 14 27  -0.082   0.454   0.617 231.797 242.450 252.236   0.159
 14 28  -0.053   0.481   0.564 232.192 242.913 252.528   0.168
 14 29  -0.039   0.527   0.504 232.763 243.558 252.928   0.196
 14 30   0.048   0.499   0.451 233.541 244.419 253.436   0.201

  15   2 228.688
   2  15
 15  1   0.729   0.411 180.231 248.296   1.053
 15  2   0.633   0.533 178.934 246.673   0.929
 15  3   0.564   0.623 177.900 245.126   0.918
 15  4   0.512   0.693 176.795 243.703   0.833
 15  5   0.460   0.753 175.409 242.185   0.745
 15  6   0.388   0.809 173.797 240.636   0.695
 15  7   0.326   0.853 171.990 238.956   0.679
 15  8   0.251   0.894 170.072 237.240   0.631
 15  9   0.190   0.927 168.127 235.505   0.565
 15 10   0.129   0.954 166.311 233.848   0.564
 15 11   0.097   0.968 164.643 232.373   0.469
 15 12   0.044   0.987 163.174 231.038   0.335
 15 13  -0.003   1.003 161.995 229.917   0.291
 15 14  -0.004   1.003 161.177 229.152   0.193
 15 15  -0.002   1.001 160.789 228.735   0.115
 15 16   0.000   0.999 160.767 228.640   0.115
 15 17  -0.034   1.014 161.201 228.957   0.239
 15 18  -0.028   1.013 162.027 229.606   0.303
 15 19  -0.017   1.009 163.224 230.621   0.424
 15 20   0.000   1.004 164.741 231.874   0.489
 15 21   0.025   0.994 166.498 233.362   0.529
 15 22   0.066   0.979 168.344 235.009   0.577
 15 23   0.117   0.954 170.241 236.729   0.623
 15 24   0.185   0.916 172.209 238.526   0.666
 15 25   0.264   0.865 174.032 240.276   0.693
 15 26   0.344   0.808 175.765 241.925   0.773
 15 27   0.438   0.731 177.275 243.554   0.805
 15 28   0.507   0.654 178.477 244.934   0.881
 15 29   0.587   0.560 179.767 246.439   0.891
 15 30   0.647   0.461 181.298 248.169   1.009
