 
   1   2 267.058
   1   2
  1  1    .324    .678 261.704 259.378   1.892
  1  2    .328    .700 264.024 262.250   1.566
  1  3    .668    .348 265.102 263.525   1.467
  1  4    .827    .211 266.454 265.020   1.056
  1  5    .979    .052 267.148 265.760   1.068
  1  6   1.004    .016 267.320 265.950   1.181
  1  7    .881    .152 267.655 266.295    .994
  1  8   1.046   -.034 267.779 266.427   1.048
  1  9   1.108   -.091 267.816 266.470    .785
  1 10   1.088   -.083 267.884 266.551    .748
  1 11   1.173   -.180 267.563 266.229    .613
  1 12   1.016   -.022 267.375 266.110    .635
  1 13   1.024   -.033 267.160 265.860    .708
  1 14    .865    .134 267.043 265.741    .648
  1 15   1.001   -.001 266.970 265.616    .428
  1 16   1.047   -.051 267.146 265.761    .425
  1 17   1.058   -.058 267.080 265.698    .678
  1 18   1.081   -.086 267.080 265.660    .746
  1 19    .967    .040 267.228 265.812    .719
  1 20    .930    .098 267.330 265.943    .755
  1 21   1.051   -.041 267.606 266.293    .739
  1 22    .965    .068 267.556 266.236    .709
  1 23    .882    .160 267.417 266.165    .655
  1 24    .779    .267 266.926 265.809    .772
  1 25    .669    .393 266.750 265.579    .946
  1 26    .687    .378 266.306 265.066    .955
  1 27    .342    .732 265.627 264.301   1.226
  1 28    .394    .663 264.592 263.064   1.517
  1 29    .285    .750 263.003 261.190   1.709
  1 30   -.089   1.109 261.103 258.844   1.709
 
   2   2 265.688
   1   2
  2  1   -.274   1.254 261.704 259.378   2.030
  2  2   -.380   1.383 264.024 262.250   1.669
  2  3   -.058   1.052 265.102 263.525   1.594
  2  4   -.001   1.024 266.454 265.020   1.144
  2  5    .147    .869 267.148 265.760   1.153
  2  6    .158    .849 267.320 265.950   1.252
  2  7   -.041   1.065 267.655 266.295   1.028
  2  8    .130    .875 267.779 266.427   1.073
  2  9    .166    .848 267.816 266.470    .810
  2 10    .121    .881 267.884 266.551    .786
  2 11    .235    .757 267.563 266.229    .658
  2 12    .026    .968 267.375 266.110    .675
  2 13    .051    .940 267.160 265.860    .722
  2 14   -.129   1.127 267.043 265.741    .676
  2 15    .017    .983 266.970 265.616    .458
  2 16    .040    .955 267.146 265.761    .455
  2 17    .063    .937 267.080 265.698    .732
  2 18    .094    .899 267.080 265.660    .822
  2 19   -.032   1.037 267.228 265.812    .794
  2 20   -.056   1.080 267.330 265.943    .842
  2 21    .065    .940 267.606 266.293    .803
  2 22   -.010   1.036 267.556 266.236    .747
  2 23   -.105   1.137 267.417 266.165    .709
  2 24   -.207   1.243 266.926 265.809    .844
  2 25   -.316   1.362 266.750 265.579   1.036
  2 26   -.222   1.269 266.306 265.066   1.059
  2 27   -.574   1.626 265.627 264.301   1.305
  2 28   -.424   1.453 264.592 263.064   1.741
  2 29   -.414   1.419 263.003 261.190   1.945
  2 30   -.696   1.683 261.103 258.844   1.906
 
   3   3 270.585
   3   4   5
  3  1   1.132    .583   -.979 265.602 256.282 241.785    .659
  3  2   1.126    .628  -1.093 266.794 258.251 244.161    .607
  3  3   1.081    .566   -.860 267.782 260.038 246.271    .572
  3  4   1.212    .004   -.297 268.644 261.454 248.029    .471
  3  5   1.099    .297   -.498 269.561 262.810 249.675    .434
  3  6   1.043    .334   -.446 270.150 263.899 251.046    .508
  3  7   1.175   -.094   -.123 270.474 264.650 252.114    .414
  3  8   1.106   -.002   -.134 270.689 265.271 253.004    .465
  3  9   1.256   -.546    .333 270.781 265.733 253.736    .398
  3 10   1.168   -.360    .215 270.826 266.115 254.335    .392
  3 11   1.101   -.235    .172 270.799 266.431 254.846    .344
  3 12    .961    .176   -.142 270.791 266.688 255.251    .322
  3 13   1.024   -.023   -.004 270.699 266.804 255.513    .312
  3 14   1.098   -.182    .053 270.639 266.859 255.665    .298
  3 15   1.017   -.051    .036 270.569 266.906 255.751    .198
  3 16    .926    .213   -.150 270.602 266.896 255.735    .192
  3 17    .862    .416   -.291 270.538 266.844 255.656    .326
  3 18    .797    .647   -.481 270.515 266.742 255.485    .368
  3 19    .956    .233   -.212 270.476 266.557 255.172    .377
  3 20   1.053    .014   -.071 270.442 266.303 254.772    .397
  3 21   1.016    .112   -.143 270.495 265.931 254.215    .374
  3 22   1.108   -.064   -.053 270.386 265.484 253.575    .346
  3 23   1.120   -.038   -.104 270.202 264.952 252.798    .362
  3 24   1.125    .094   -.289 269.895 264.322 251.902    .391
  3 25   1.150    .085   -.322 269.330 263.431 250.727    .488
  3 26   1.101    .318   -.527 268.498 262.265 249.301    .451
  3 27   1.096    .580   -.931 267.384 260.767 247.497    .610
  3 28    .956   1.055  -1.324 266.316 259.244 245.658    .721
  3 29    .973   1.006  -1.268 265.228 257.544 243.531    .765
  3 30   1.009   1.075  -1.536 263.621 255.240 240.852    .823
 
   4   3 266.901
   3   4   5
  4  1    .149   1.560   -.860 265.602 256.282 241.785    .331
  4  2    .110   1.607   -.912 266.794 258.251 244.161    .374
  4  3    .096   1.454   -.654 267.782 260.038 246.271    .311
  4  4    .133   1.188   -.366 268.644 261.454 248.029    .241
  4  5    .084   1.249   -.382 269.561 262.810 249.675    .207
  4  6    .087   1.140   -.246 270.150 263.899 251.046    .198
  4  7    .128    .944   -.076 270.474 264.650 252.114    .175
  4  8    .140    .810    .069 270.689 265.271 253.004    .172
  4  9    .147    .733    .150 270.781 265.733 253.736    .149
  4 10    .095    .826    .101 270.826 266.115 254.335    .145
  4 11    .093    .770    .174 270.799 266.431 254.846    .150
  4 12    .023    .952    .049 270.791 266.688 255.251    .125
  4 13    .042    .890    .084 270.699 266.804 255.513    .105
  4 14    .048    .907    .037 270.639 266.859 255.665    .109
  4 15   -.012   1.030   -.021 270.569 266.906 255.751    .065
  4 16    .002    .998    .001 270.602 266.896 255.735    .066
  4 17   -.028   1.079   -.044 270.538 266.844 255.656    .119
  4 18   -.021   1.078   -.045 270.515 266.742 255.485    .156
  4 19    .011   1.010   -.009 270.476 266.557 255.172    .155
  4 20    .060    .908    .054 270.442 266.303 254.772    .158
  4 21    .058    .946    .006 270.495 265.931 254.215    .159
  4 22    .047   1.045   -.091 270.386 265.484 253.575    .123
  4 23    .029   1.167   -.212 270.202 264.952 252.798    .156
  4 24    .066   1.152   -.244 269.895 264.322 251.902    .150
  4 25    .073   1.201   -.318 269.330 263.431 250.727    .202
  4 26    .076   1.264   -.387 268.498 262.265 249.301    .181
  4 27    .070   1.480   -.689 267.384 260.767 247.497    .263
  4 28    .083   1.519   -.746 266.316 259.244 245.658    .307
  4 29    .112   1.493   -.715 265.228 257.544 243.531    .320
  4 30    .127   1.626   -.956 263.621 255.240 240.852    .430
 
   5   3 255.743
   4   5   6
  5  1    .618    .522   -.238 256.282 241.785 225.069    .204
  5  2    .494    .648   -.273 258.251 244.161 227.315    .237
  5  3    .420    .699   -.177 260.038 246.271 229.156    .192
  5  4    .353    .734   -.109 261.454 248.029 230.691    .144
  5  5    .267    .829   -.123 262.810 249.675 232.204    .130
  5  6    .225    .841   -.073 263.899 251.046 233.518    .116
  5  7    .186    .854   -.037 264.650 252.114 234.581    .101
  5  8    .159    .841    .024 265.271 253.004 235.498    .113
  5  9    .125    .866    .033 265.733 253.736 236.238    .089
  5 10    .058    .956    .002 266.115 254.335 236.871    .078
  5 11    .054    .930    .043 266.431 254.846 237.449    .103
  5 12    .026    .966    .035 266.688 255.251 237.883    .074
  5 13    .029    .948    .039 266.804 255.513 238.214    .069
  5 14    .028    .957    .011 266.859 255.665 238.414    .064
  5 15   -.017   1.033   -.020 266.906 255.751 238.500    .033
  5 16    .019    .964    .022 266.896 255.735 238.492    .033
  5 17    .016    .968    .032 266.844 255.656 238.390    .074
  5 18    .032    .944    .052 266.742 255.485 238.185    .093
  5 19    .053    .917    .058 266.557 255.172 237.841    .092
  5 20    .101    .849    .082 266.303 254.772 237.395    .073
  5 21    .127    .821    .077 265.931 254.215 236.838    .088
  5 22    .122    .874    .018 265.484 253.575 236.151    .066
  5 23    .165    .836    .011 264.952 252.798 235.366    .098
  5 24    .217    .789    .001 264.322 251.902 234.431    .073
  5 25    .246    .784   -.034 263.431 250.727 233.282    .124
  5 26    .311    .722   -.033 262.265 249.301 231.896    .101
  5 27    .358    .718   -.143 260.767 247.497 230.199    .159
  5 28    .464    .595   -.123 259.244 245.658 228.424    .176
  5 29    .577    .483   -.091 257.544 243.531 226.440    .167
  5 30    .700    .345   -.132 255.240 240.852 224.138    .247
 
   6   2 237.444
   5   6
  6  1    .769    .237 240.412 225.101    .102
  6  2    .643    .355 242.622 227.136    .090
  6  3    .535    .467 244.509 228.803    .096
  6  4    .439    .567 246.096 230.208    .094
  6  5    .356    .654 247.564 231.604    .109
  6  6    .281    .732 248.756 232.813    .124
  6  7    .215    .805 249.692 233.806    .103
  6  8    .155    .868 250.433 234.647    .108
  6  9    .112    .906 251.046 235.337    .087
  6 10    .076    .939 251.555 235.931    .069
  6 11    .047    .965 251.968 236.460    .069
  6 12    .026    .983 252.295 236.863    .059
  6 13    .011    .994 252.518 237.168    .050
  6 14    .004    .998 252.662 237.367    .043
  6 15    .000   1.000 252.733 237.448    .016
  6 16    .000   1.000 252.724 237.441    .016
  6 17    .004    .998 252.650 237.346    .043
  6 18    .013    .990 252.495 237.143    .058
  6 19    .032    .971 252.245 236.829    .060
  6 20    .053    .956 251.919 236.419    .053
  6 21    .082    .928 251.471 235.908    .066
  6 22    .119    .892 250.938 235.269    .073
  6 23    .161    .857 250.285 234.539    .080
  6 24    .214    .804 249.517 233.669    .087
  6 25    .276    .745 248.519 232.606    .097
  6 26    .346    .679 247.259 231.312    .087
  6 27    .431    .590 245.665 229.738    .098
  6 28    .526    .495 243.986 228.090    .096
  6 29    .636    .387 241.996 226.259    .080
  6 30    .763    .256 239.534 224.146    .087
 
   7   2 225.916
   6   8
  7  1    .995    .020 225.101 211.471    .116
  7  2    .896    .115 227.136 212.152    .074
  7  3    .816    .187 228.803 212.846    .095
  7  4    .754    .244 230.208 213.522    .095
  7  5    .708    .291 231.604 214.358    .111
  7  6    .667    .330 232.813 215.006    .134
  7  7    .639    .367 233.806 215.559    .128
  7  8    .612    .398 234.647 216.012    .144
  7  9    .585    .421 235.337 216.408    .139
  7 10    .565    .442 235.931 216.789    .140
  7 11    .548    .459 236.460 217.086    .145
  7 12    .532    .471 236.863 217.328    .149
  7 13    .524    .481 237.168 217.515    .152
  7 14    .519    .487 237.367 217.666    .155
  7 15    .515    .490 237.448 217.725    .142
  7 16    .515    .489 237.441 217.716    .141
  7 17    .517    .486 237.346 217.652    .142
  7 18    .521    .478 237.143 217.504    .153
  7 19    .528    .467 236.829 217.303    .154
  7 20    .545    .456 236.419 217.060    .144
  7 21    .562    .439 235.908 216.740    .137
  7 22    .582    .419 235.269 216.358    .131
  7 23    .611    .397 234.539 215.917    .122
  7 24    .638    .367 233.669 215.435    .114
  7 25    .675    .335 232.606 214.835    .115
  7 26    .719    .297 231.312 214.106    .099
  7 27    .772    .251 229.738 213.184    .096
  7 28    .834    .194 228.090 212.337    .079
  7 29    .906    .122 226.259 211.460    .074
  7 30   1.006    .026 224.146 210.624    .087
 
   8   3 217.720
   8   9  10
  8  1   2.114  -1.825    .718 211.471 210.160 215.872    .301
  8  2   1.858  -1.339    .498 212.152 209.923 215.301    .231
  8  3   1.651   -.969    .330 212.846 209.655 214.722    .191
  8  4   1.481   -.700    .221 213.522 209.469 214.295    .164
  8  5   1.388   -.536    .153 214.358 209.472 214.036    .137
  8  6   1.302   -.399    .100 215.006 209.462 213.802    .125
  8  7   1.244   -.305    .070 215.559 209.456 213.609    .098
  8  8   1.192   -.228    .049 216.012 209.437 213.431    .099
  8  9   1.133   -.154    .027 216.408 209.445 213.272    .080
  8 10   1.090   -.103    .017 216.789 209.465 213.186    .084
  8 11   1.070   -.066    .003 217.086 209.513 213.097    .090
  8 12   1.030   -.029   -.002 217.328 209.534 213.034    .093
  8 13   1.020   -.016   -.002 217.515 209.568 213.009    .063
  8 14   1.002   -.010    .008 217.666 209.611 213.020    .070
  8 15    .999   -.003    .004 217.725 209.618 213.003    .046
  8 16    .999    .003   -.003 217.716 209.612 212.990    .046
  8 17   1.003    .001   -.006 217.652 209.572 212.978    .067
  8 18   1.011   -.002   -.013 217.504 209.529 212.968    .106
  8 19   1.013   -.017   -.008 217.303 209.493 212.981    .127
  8 20   1.054   -.052   -.005 217.060 209.445 213.011    .134
  8 21   1.086   -.097    .010 216.740 209.409 213.063    .113
  8 22   1.119   -.145    .025 216.358 209.341 213.137    .107
  8 23   1.193   -.225    .044 215.917 209.258 213.240    .090
  8 24   1.258   -.307    .062 215.435 209.212 213.366    .102
  8 25   1.322   -.415    .107 214.835 209.152 213.514    .117
  8 26   1.425   -.565    .162 214.106 209.068 213.637    .141
  8 27   1.551   -.767    .248 213.184 209.001 213.784    .175
  8 28   1.727  -1.038    .352 212.337 208.966 214.025    .192
  8 29   1.924  -1.385    .496 211.460 209.041 214.383    .230
  8 30   2.151  -1.869    .742 210.624 209.281 214.935    .286
 
   9   3 209.615
   8   9  10
  9  1    .461    .825   -.240 211.471 210.160 215.872    .241
  9  2    .296    .948   -.212 212.152 209.923 215.301    .248
  9  3    .188   1.027   -.201 212.846 209.655 214.722    .209
  9  4    .110   1.070   -.184 213.522 209.469 214.295    .152
  9  5    .098   1.055   -.152 214.358 209.472 214.036    .139
  9  6    .075   1.057   -.136 215.006 209.462 213.802    .140
  9  7    .068   1.039   -.104 215.559 209.456 213.609    .097
  9  8    .066   1.025   -.084 216.012 209.437 213.431    .109
  9  9    .036   1.035   -.073 216.408 209.445 213.272    .098
  9 10    .015   1.028   -.047 216.789 209.465 213.186    .092
  9 11    .030   1.020   -.047 217.086 209.513 213.097    .114
  9 12    .007   1.022   -.031 217.328 209.534 213.034    .110
  9 13    .009   1.013   -.022 217.515 209.568 213.009    .083
  9 14   -.011   1.000    .007 217.666 209.611 213.020    .087
  9 15    .000    .995    .006 217.725 209.618 213.003    .067
  9 16   -.002   1.005   -.006 217.716 209.612 212.990    .067
  9 17    .009   1.013   -.021 217.652 209.572 212.978    .103
  9 18    .008   1.029   -.041 217.504 209.529 212.968    .160
  9 19   -.008   1.037   -.042 217.303 209.493 212.981    .182
  9 20    .017   1.035   -.056 217.060 209.445 213.011    .181
  9 21    .024   1.029   -.057 216.740 209.409 213.063    .128
  9 22    .042   1.032   -.074 216.358 209.341 213.137    .127
  9 23    .083   1.018   -.087 215.917 209.258 213.240    .109
  9 24    .115   1.022   -.120 215.435 209.212 213.366    .117
  9 25    .130   1.023   -.136 214.835 209.152 213.514    .115
  9 26    .170   1.010   -.157 214.106 209.068 213.637    .124
  9 27    .261    .945   -.157 213.184 209.001 213.784    .200
  9 28    .359    .881   -.175 212.337 208.966 214.025    .241
  9 29    .462    .808   -.199 211.460 209.041 214.383    .224
  9 30    .644    .611   -.161 210.624 209.281 214.935    .313
 
  10   3 212.997
   9  10  11
 10  1    .490    .584   -.072 210.160 215.872 223.727    .216
 10  2    .371    .712   -.075 209.923 215.301 223.026    .239
 10  3    .285    .816   -.095 209.655 214.722 222.370    .198
 10  4    .239    .843   -.081 209.469 214.295 221.825    .137
 10  5    .174    .916   -.090 209.472 214.036 221.467    .120
 10  6    .145    .927   -.077 209.462 213.802 221.151    .133
 10  7    .082   1.003   -.087 209.456 213.609 220.867    .083
 10  8    .075    .977   -.053 209.437 213.431 220.610    .102
 10  9    .063    .977   -.045 209.445 213.272 220.375    .109
 10 10    .040    .992   -.034 209.465 213.186 220.226    .094
 10 11    .007   1.034   -.045 209.513 213.097 220.073    .132
 10 12   -.017   1.064   -.052 209.534 213.034 219.970    .120
 10 13   -.003   1.025   -.026 209.568 213.009 219.902    .100
 10 14   -.001   1.004   -.003 209.611 213.020 219.884    .076
 10 15    .014    .971    .017 209.618 213.003 219.864    .066
 10 16   -.004   1.010   -.009 209.612 212.990 219.845    .066
 10 17    .032    .954    .012 209.572 212.978 219.850    .116
 10 18    .066    .908    .022 209.529 212.968 219.872    .171
 10 19    .068    .915    .013 209.493 212.981 219.922    .182
 10 20    .075    .916    .005 209.445 213.011 219.988    .191
 10 21    .067    .943   -.012 209.409 213.063 220.100    .128
 10 22    .099    .905   -.005 209.341 213.137 220.244    .134
 10 23    .111    .907   -.015 209.258 213.240 220.412    .132
 10 24    .177    .816    .008 209.212 213.366 220.619    .128
 10 25    .164    .883   -.046 209.152 213.514 220.856    .108
 10 26    .202    .857   -.058 209.068 213.637 221.054    .123
 10 27    .220    .864   -.073 209.001 213.784 221.274    .217
 10 28    .311    .747   -.046 208.966 214.025 221.610    .251
 10 29    .390    .682   -.064 209.041 214.383 222.055    .218
 10 30    .483    .572   -.043 209.281 214.935 222.700    .317
 
  11   3 219.854
  10  11  12
 11  1    .445    .687   -.123 215.872 223.727 233.415    .209
 11  2    .326    .819   -.133 215.301 223.026 232.564    .226
 11  3    .265    .867   -.123 214.722 222.370 231.803    .174
 11  4    .220    .873   -.088 214.295 221.825 231.183    .139
 11  5    .184    .884   -.066 214.036 221.467 230.728    .106
 11  6    .156    .885   -.044 213.802 221.151 230.344    .115
 11  7    .117    .927   -.047 213.609 220.867 229.991    .097
 11  8    .090    .933   -.025 213.431 220.610 229.681    .122
 11  9    .079    .924   -.009 213.272 220.375 229.418    .138
 11 10    .055    .943    .000 213.186 220.226 229.223    .110
 11 11    .045    .947    .005 213.097 220.073 229.025    .144
 11 12    .037    .951    .008 213.034 219.970 228.900    .132
 11 13    .028    .955    .013 213.009 219.902 228.807    .129
 11 14    .002   1.000   -.002 213.020 219.884 228.762    .060
 11 15   -.004   1.007   -.001 213.003 219.864 228.738    .052
 11 16    .007    .985    .006 212.990 219.845 228.723    .052
 11 17    .019    .960    .019 212.978 219.850 228.747    .095
 11 18    .027    .954    .015 212.968 219.872 228.791    .131
 11 19    .042    .931    .025 212.981 219.922 228.859    .141
 11 20    .052    .933    .012 213.011 219.988 228.942    .166
 11 21    .057    .944    .000 213.063 220.100 229.086    .130
 11 22    .068    .948   -.013 213.137 220.244 229.271    .146
 11 23    .079    .967   -.041 213.240 220.412 229.461    .171
 11 24    .118    .907   -.020 213.366 220.619 229.726    .155
 11 25    .137    .935   -.065 213.514 220.856 230.012    .136
 11 26    .180    .904   -.078 213.637 221.054 230.252    .157
 11 27    .194    .940   -.120 213.784 221.274 230.530    .229
 11 28    .261    .863   -.109 214.025 221.610 230.929    .237
 11 29    .351    .767   -.106 214.383 222.055 231.479    .202
 11 30    .422    .720   -.123 214.935 222.700 232.240    .290
 
  12   3 228.731
  11  12  13
 12  1    .436    .723   -.153 223.727 233.415 244.705    .294
 12  2    .284    .904   -.182 223.026 232.564 243.765    .274
 12  3    .235    .916   -.145 222.370 231.803 242.952    .223
 12  4    .184    .942   -.118 221.825 231.183 242.275    .274
 12  5    .166    .890   -.051 221.467 230.728 241.751    .219
 12  6    .136    .889   -.025 221.151 230.344 241.322    .144
 12  7    .120    .882   -.004 220.867 229.991 240.900    .161
 12  8    .084    .905    .008 220.610 229.681 240.539    .172
 12  9    .069    .916    .009 220.375 229.418 240.248    .178
 12 10    .033    .971   -.007 220.226 229.223 240.011    .152
 12 11    .044    .929    .025 220.073 229.025 239.780    .142
 12 12    .035    .933    .028 219.970 228.900 239.640    .127
 12 13    .034    .911    .051 219.902 228.807 239.517    .149
 12 14    .008    .981    .009 219.884 228.762 239.451    .086
 12 15   -.003   1.009   -.006 219.864 228.738 239.420    .040
 12 16    .003    .992    .005 219.845 228.723 239.414    .040
 12 17    .000   1.011   -.009 219.850 228.747 239.449    .106
 12 18   -.003   1.033   -.029 219.872 228.791 239.516    .122
 12 19    .013    .999   -.007 219.922 228.859 239.595    .169
 12 20    .024   1.003   -.023 219.988 228.942 239.697    .144
 12 21    .033   1.007   -.033 220.100 229.086 239.852    .196
 12 22    .036   1.028   -.055 220.244 229.271 240.065    .183
 12 23    .047   1.052   -.091 220.412 229.461 240.280    .228
 12 24    .068   1.025   -.083 220.619 229.726 240.586    .225
 12 25    .099   1.032   -.122 220.856 230.012 240.903    .249
 12 26    .159    .957   -.109 221.054 230.252 241.185    .256
 12 27    .158   1.031   -.178 221.274 230.530 241.488    .248
 12 28    .237    .912   -.140 221.610 230.929 241.928    .228
 12 29    .351    .770   -.112 222.055 231.479 242.552    .241
 12 30    .422    .745   -.152 222.700 232.240 243.342    .272
 
  13   2 239.417
  12  13
 13  1    .486    .514 233.415 244.705    .410
 13  2    .369    .633 232.564 243.765    .364
 13  3    .315    .693 231.803 242.952    .310
 13  4    .281    .733 231.183 242.275    .384
 13  5    .178    .829 230.728 241.751    .324
 13  6    .129    .875 230.344 241.322    .228
 13  7    .085    .911 229.991 240.900    .203
 13  8    .044    .950 229.681 240.539    .203
 13  9    .055    .940 229.418 240.248    .186
 13 10    .037    .961 229.223 240.011    .200
 13 11    .015    .980 229.025 239.780    .188
 13 12    .001    .995 228.900 239.640    .150
 13 13   -.038   1.032 228.807 239.517    .170
 13 14   -.010   1.005 228.762 239.451    .151
 13 15    .001    .997 228.738 239.420    .092
 13 16    .005    .996 228.723 239.414    .092
 13 17    .045    .964 228.747 239.449    .219
 13 18    .068    .943 228.791 239.516    .285
 13 19    .060    .956 228.859 239.595    .298
 13 20    .086    .929 228.942 239.697    .224
 13 21    .092    .922 229.086 239.852    .277
 13 22    .116    .900 229.271 240.065    .221
 13 23    .145    .870 229.461 240.280    .279
 13 24    .176    .843 229.726 240.586    .290
 13 25    .215    .799 230.012 240.903    .346
 13 26    .235    .774 230.252 241.185    .326
 13 27    .277    .732 230.530 241.488    .274
 13 28    .297    .707 230.929 241.928    .244
 13 29    .370    .632 231.479 242.552    .316
 13 30    .475    .530 232.240 243.342    .346
 
  14   3 250.031
  12  13  14
 14  1   -.115    .611    .495 233.415 244.705 253.938    .408
 14  2   -.158    .598    .550 232.564 243.765 253.344    .381
 14  3   -.123    .493    .630 231.803 242.952 252.798    .331
 14  4   -.078    .427    .659 231.183 242.275 252.316    .354
 14  5   -.116    .383    .735 230.728 241.751 251.942    .300
 14  6   -.101    .323    .781 230.344 241.322 251.635    .261
 14  7   -.078    .211    .864 229.991 240.900 251.296    .212
 14  8   -.073    .169    .898 229.681 240.539 251.002    .199
 14  9   -.029    .121    .905 229.418 240.248 250.760    .143
 14 10   -.015    .059    .954 229.223 240.011 250.554    .176
 14 11   -.007    .031    .974 229.025 239.780 250.362    .222
 14 12   -.006    .023    .983 228.900 239.640 250.246    .185
 14 13   -.031    .027   1.001 228.807 239.517 250.140    .157
 14 14   -.001   -.018   1.014 228.762 239.451 250.069    .191
 14 15    .015   -.038   1.023 228.738 239.420 250.039    .122
 14 16   -.007    .032    .975 228.723 239.414 250.022    .122
 14 17    .024    .044    .940 228.747 239.449 250.057    .265
 14 18    .036    .044    .932 228.791 239.516 250.116    .346
 14 19    .014    .081    .920 228.859 239.595 250.176    .322
 14 20    .009    .116    .889 228.942 239.697 250.253    .280
 14 21   -.003    .120    .893 229.086 239.852 250.365    .254
 14 22   -.010    .144    .878 229.271 240.065 250.536    .193
 14 23   -.033    .206    .836 229.461 240.280 250.693    .254
 14 24   -.024    .227    .808 229.726 240.586 250.929    .247
 14 25   -.050    .278    .779 230.012 240.903 251.145    .303
 14 26   -.077    .337    .741 230.252 241.185 251.321    .280
 14 27   -.121    .442    .675 230.530 241.488 251.436    .267
 14 28   -.155    .512    .631 230.929 241.928 251.672    .288
 14 29   -.141    .570    .562 231.479 242.552 252.048    .337
 14 30   -.133    .659    .461 232.240 243.342 252.438    .410
 
  15   2 272.517
   2  15
 15  1    .016    .950 259.378 269.924   1.153
 15  2   -.036   1.006 262.250 270.777   1.269
 15  3   -.019   1.012 263.525 271.789    .997
 15  4    .039    .984 265.020 272.480    .712
 15  5   -.052   1.082 265.760 273.039    .680
 15  6   -.057   1.089 265.950 273.360    .706
 15  7   -.037   1.070 266.295 273.378    .657
 15  8   -.014   1.044 266.427 273.471    .675
 15  9    .031   1.004 266.470 273.402    .577
 15 10   -.032   1.056 266.551 273.314    .528
 15 11   -.001   1.030 266.229 273.201    .451
 15 12   -.044   1.066 266.110 273.116    .437
 15 13   -.018   1.026 265.860 272.866    .397
 15 14   -.025   1.021 265.741 272.584    .425
 15 15   -.028   1.028 265.616 272.542    .229
 15 16    .004    .995 265.761 272.493    .233
 15 17   -.021   1.034 265.698 272.581    .404
 15 18   -.014   1.022 265.660 272.661    .505
 15 19    .021    .996 265.812 272.712    .512
 15 20    .071    .955 265.943 272.825    .527
 15 21    .033    .984 266.293 272.875    .501
 15 22    .049    .976 266.236 272.898    .477
 15 23    .036    .989 266.165 272.901    .502
 15 24    .068    .954 265.809 272.782    .613
 15 25    .151    .867 265.579 272.448    .677
 15 26    .086    .938 265.066 272.111    .624
 15 27    .094    .902 264.301 271.289   1.074
 15 28    .040    .945 263.064 270.751   1.101
 15 29    .089    .893 261.190 270.089   1.085
 15 30    .024    .913 258.844 268.609   1.519
